0
101.9375
104.8125
106.0
105.6875
104.1875
100.75
94.5
85.8125
76.0
68.625
68.6875
72.3125
72.0
69.5
67.4375
65.3125
63.5
62.4375
61.1875
59.6875
58.1875
56.875
55.5
54.0
52.625
51.4375
50.5625
49.8125
49.125
48.25
47.1875
46.3125
45.75
45.3125
44.875
44.5
44.1875
44.1875
45.75
52.8125
65.625
76.3125
82.4375
86.4375
90.0
94.25
98.5
101.375
102.5
102.25
100.25
95.125
87.4375
78.0625
67.9375
61.625
64.0625
68.25
66.875
64.8125
63.3125
61.5625
60.5
59.5
58.25
57.0625
55.75
54.5625
53.5625
52.75
52.0
51.375
50.5625
49.5
48.5
48.0625
48.25
48.625
50.5
56.8125
67.125
75.3125
80.375
84.4375
88.4375
92.375
95.6875
98.0
99.1875
98.9375
96.8125
91.9375
84.4375
75.3125
66.4375
62.9375
65.9375
67.75
66.3125
64.8125
62.8125
60.875
59.875
59.125
58.125
57.0625
55.875
54.75
53.75
53.0625
52.5625
51.9375
51.375
50.8125
50.125
49.5625
49.125
48.5625
47.9375
47.4375
46.9375
46.5
46.375
47.1875
51.6875
62.875
74.9375
82.75
88.625
94.0625
99.375
104.5
108.4375
110.75
111.5625
110.0625
106.0
100.125
92.4375
83.125
74.0
70.1875
73.3125
75.0625
72.875
70.9375
68.875
66.625
64.9375
63.625
62.25
61.0
59.75
58.625
57.4375
56.375
55.5625
55.0625
54.625
54.0
53.1875
52.375
51.8125
51.6875
52.3125
56.5625
67.0
78.1875
85.5
91.125
95.75
99.6875
103.4375
106.125
107.4375
107.4375
105.8125
101.875
95.1875
86.3125
75.875
67.0625
65.875
69.625
69.4375
66.6875
64.8125
62.8125
61.0
59.75
58.625
57.1875
56.0
54.6875
53.4375
52.375
51.375
50.625
49.875
49.1875
48.6875
48.3125
47.9375
47.375
46.6875
46.0
45.375
44.75
44.3125
44.4375
46.5625
54.3125
66.75
76.5625
82.0625
85.75
89.4375
93.875
97.9375
100.875
102.5
102.5625
100.3125
95.1875
87.6875
78.25
68.3125
62.3125
65.0
68.4375
67.0
65.5625
63.8125
62.0
60.9375
59.8125
58.375
56.875
55.4375
54.1875
53.25
52.625
52.1875
51.875
51.5
50.75
49.875
49.0
48.4375
48.4375
49.25
52.6875
61.3125
71.5625
79.0
84.75
89.3125
93.25
96.9375
100.125
102.4375
103.8125
103.5
100.625
95.125
87.25
77.8125
68.875
65.4375
68.8125
71.0
69.5625
67.875
65.8125
63.6875
62.375
61.25
59.875
58.6875
57.5
56.125
54.875
53.8125
53.0
52.5
52.0
51.5625
51.0625
50.5625
50.0625
49.625
49.3125
49.3125
51.125
58.5625
71.25
81.375
87.875
93.375
98.125
102.75
106.875
109.6875
111.1875
111.0625
108.5
103.4375
96.4375
87.5
77.375
69.75
70.25
74.4375
73.9375
71.625
70.0
67.8125
65.6875
64.25
62.875
61.375
60.0625
58.9375
57.75
56.6875
55.75
55.0
54.5
53.875
53.25
52.5625
51.9375
51.3125
50.75
50.1875
49.625
49.125
48.875
49.75
54.6875
66.0
77.6875
85.3125
91.0625
95.875
100.4375
105.0
108.125
109.5625
109.8125
108.1875
104.125
97.6875
89.1875
78.625
68.875
66.25
70.3125
71.125
68.5
66.6875
64.875
62.625
61.0
59.5
57.75
56.1875
55.0
54.0
53.25
52.5625
51.9375
51.25
50.375
49.4375
48.5625
47.8125
47.1875
46.8125
46.8125
48.3125
54.1875
65.5
75.625
81.375
85.0
88.3125
92.0
95.5625
98.1875
99.5625
99.625
97.5625
92.5
84.9375
75.75
66.25
61.125
64.3125
67.6875
66.3125
64.375
62.625
61.0625
59.9375
58.5
57.375
56.4375
55.3125
54.0
52.6875
51.6875
51.0
50.5
50.0625
49.8125
49.5625
49.1875
48.75
48.1875
47.5
46.75
46.3125
46.3125
47.3125
52.0
62.125
72.5625
80.25
86.125
91.0
95.75
100.375
104.375
107.1875
108.3125
107.5625
104.125
98.0
89.625
79.8125
70.75
67.375
70.5625
72.0625
70.125
68.5625
66.8125
64.6875
63.0625
61.8125
60.625
59.4375
58.3125
57.1875
56.25
55.4375
54.6875
53.9375
53.3125
52.6875
52.1875
51.6875
51.25
51.0625
52.25
58.375
70.1875
80.375
86.75
92.0
96.375
100.4375
104.4375
107.3125
108.375
108.1875
106.5625
102.5
95.625
86.5625
76.375
68.875
69.375
73.1875
72.5625
70.4375
69.0
67.0
65.125
63.875
62.5625
61.0
59.875
58.9375
57.9375
57.125
56.875
59.75
68.5625
79.9375
87.0
91.125
94.6875
97.3125
99.625
101.3125
101.4375
99.625
95.9375
90.4375
83.0
74.25
66.9375
65.875
69.0
68.75
65.9375
63.6875
61.4375
59.375
58.125
57.1875
56.0
54.75
53.625
52.4375
51.375
50.4375
49.6875
49.0
48.4375
47.875
47.375
46.9375
46.5
46.0
45.6875
45.625
46.9375
54.25
68.6875
80.3125
85.5
89.0
92.9375
97.6875
102.125
105.125
106.5
106.1875
103.375
97.75
89.625
79.8125
69.8125
64.8125
68.6875
71.625
69.0
66.8125
65.125
63.5
62.5
61.25
59.6875
58.625
57.3125
55.75
54.1875
53.1875
52.625
52.0
51.375
50.8125
50.375
50.0
49.5
48.9375
48.375
47.75
46.9375
46.1875
45.75
45.5
45.25
44.875
44.4375
44.0
43.5
43.1875
43.25
44.0
47.75
57.875
70.25
79.1875
85.9375
91.5
97.125
102.75
107.375
110.5625
110.875
108.5
105.3125
101.25
94.3125
84.5625
74.25
68.3125
70.75
74.25
72.6875
70.375
68.5
66.1875
64.375
63.25
62.0
60.5625
59.3125
58.1875
57.0625
56.125
55.375
54.6875
54.0625
53.5
52.8125
52.0625
51.375
50.6875
50.25
50.375
52.8125
61.1875
73.0
81.625
87.5
92.375
96.5
100.625
104.4375
106.4375
106.625
105.5625
102.8125
97.625
90.125
80.6875
71.25
67.75
71.0
72.625
70.5625
68.5625
66.625
64.5
63.0625
62.0
60.625
59.1875
58.0
57.0
56.0625
55.3125
54.6875
54.0
53.3125
52.625
52.0
51.375
50.75
50.1875
49.5625
48.875
48.375
48.1875
48.375
50.0
56.8125
69.0
79.3125
86.0625
91.375
95.625
99.8125
104.125
106.9375
107.75
107.3125
105.375
100.625
93.1875
83.6875
72.8125
65.0
65.9375
70.375
69.625
66.9375
65.0625
62.75
60.625
59.375
58.25
56.9375
55.8125
54.8125
53.9375
52.8125
51.5625
50.625
49.8125
49.3125
49.0625
49.25
51.125
57.6875
68.5625
76.8125
81.25
84.5625
87.5
90.4375
92.875
94.125
94.0625
92.5
88.875
83.25
75.6875
66.8125
60.5625
61.8125
65.3125
64.4375
62.6875
61.125
59.5
58.75
57.625
56.0
54.75
53.8125
52.8125
51.6875
50.8125
50.125
49.5
48.8125
48.1875
47.75
47.5
47.5
48.0
51.0
60.125
71.875
80.0
85.4375
89.875
94.1875
98.6875
102.3125
104.625
105.4375
104.375
101.3125
95.8125
87.8125
78.1875
69.0
65.1875
68.375
70.625
69.125
67.4375
65.6875
63.75
62.5
61.5625
60.3125
59.0625
57.8125
56.375
55.1875
54.25
53.4375
52.875
52.375
51.8125
51.25
50.625
49.9375
49.25
48.875
48.6875
48.75
50.8125
59.25
72.875
82.9375
88.8125
93.8125
98.6875
103.4375
107.8125
110.5
111.5
110.6875
107.6875
102.25
94.6875
85.3125
75.5
69.5
71.5
74.75
73.1875
70.9375
69.25
67.1875
65.375
63.8125
62.375
60.875
59.5625
58.5
57.5
56.5
55.5
54.5625
53.75
53.125
52.5
51.9375
51.4375
50.9375
50.3125
49.6875
49.1875
48.625
48.0
47.4375
46.9375
46.5625
46.25
45.875
45.75
46.6875
52.0
64.1875
76.25
84.25
90.5625
95.6875
100.5625
105.5625
109.375
111.375
111.75
110.0
106.0
99.625
90.9375
80.1875
69.9375
66.5625
70.5625
71.6875
68.75
66.625
64.8125
62.8125
61.375
60.3125
58.9375
57.4375
56.0625
54.8125
53.75
52.9375
52.1875
51.4375
50.75
50.0625
49.4375
48.75
47.9375
47.1875
46.8125
47.5
51.5625
61.25
72.0625
78.6875
82.75
86.1875
89.625
93.0625
95.625
96.9375
96.75
94.8125
91.0625
85.0625
76.75
67.375
61.375
63.25
66.3125
64.9375
63.3125
62.125
60.5
59.1875
57.9375
56.8125
55.8125
54.6875
53.625
52.5
51.625
50.875
50.1875
49.625
49.3125
48.9375
48.4375
47.9375
47.375
46.875
46.375
45.875
45.6875
46.25
49.3125
58.0625
68.9375
77.25
83.8125
88.9375
93.8125
98.6875
102.6875
105.4375
106.875
106.4375
103.375
97.875
90.8125
82.0625
72.375
66.625
68.5625
71.625
70.5
68.5625
66.6875
64.375
62.625
61.4375
60.3125
59.1875
58.0625
56.9375
55.875
55.0
54.25
53.4375
52.75
52.0625
51.375
50.875
50.5
50.375
51.5625
57.3125
68.5625
78.5625
85.0
90.1875
94.5
98.5625
102.5
105.1875
106.0625
105.375
103.3125
99.3125
93.0
84.3125
74.4375
67.75
68.625
71.8125
70.6875
68.625
67.0625
65.0625
63.3125
62.125
60.875
59.4375
58.25
57.1875
56.0625
55.0625
54.25
53.5
52.75
52.1875
51.6875
51.0625
50.5
49.875
49.25
48.625
48.0625
47.6875
47.6875
48.875
54.625
66.625
78.0
85.4375
91.375
96.375
101.0
105.4375
108.875
110.5
110.625
109.0
104.5
97.5625
88.625
78.0
68.5625
66.8125
70.875
71.125
68.25
66.375
64.3125
62.1875
60.8125
59.625
58.1875
56.6875
55.4375
54.3125
53.3125
52.5
51.625
50.875
50.1875
49.5
48.8125
48.3125
47.875
47.75
49.0
54.875
66.125
76.0
81.5
85.3125
88.75
92.3125
95.6875
98.0
99.1875
98.875
96.625
92.0625
84.9375
75.6875
66.125
61.6875
64.875
67.0625
65.25
63.8125
62.125
60.6875
59.6875
58.3125
57.1875
56.0
54.5625
53.25
52.25
51.5
50.8125
50.1875
49.625
49.0
48.4375
47.8125
47.25
46.9375
46.5625
46.25
45.9375
45.8125
46.125
48.0625
54.5625
65.4375
75.25
82.4375
87.75
92.1875
97.125
101.6875
105.3125
107.6875
107.6875
105.25
100.875
94.0625
85.25
75.75
68.25
67.875
72.25
72.3125
69.875
68.125
65.9375
63.8125
62.5
61.3125
60.0
58.8125
57.625
56.3125
55.125
54.1875
53.375
52.75
52.0625
51.5
51.0
50.5625
50.3125
50.625
54.0625
63.625
75.3125
83.125
88.6875
93.1875
97.1875
101.375
104.9375
106.875
107.0625
105.4375
101.8125
95.875
87.5
77.5625
68.8125
66.9375
70.875
71.75
69.4375
67.625
65.625
63.75
62.625
61.625
60.25
58.875
57.75
56.5625
55.5
54.625
53.875
53.25
52.6875
52.0625
51.3125
50.625
49.9375
49.3125
48.75
48.3125
47.9375
47.6875
47.9375
50.6875
59.625
72.4375
81.625
88.125
93.625
98.4375
103.25
107.3125
109.8125
110.9375
110.625
107.5625
101.6875
93.75
84.0
73.375
66.9375
68.75
71.625
69.5625
67.125
65.375
63.1875
61.4375
60.125
58.875
57.5625
56.3125
55.125
53.875
52.9375
52.1875
51.375
50.5625
49.875
49.1875
48.5
47.875
47.4375
47.4375
48.8125
54.6875
65.9375
75.9375
81.5625
85.375
88.75
92.25
95.5625
97.8125
98.8125
98.3125
96.0625
91.375
84.1875
75.0
65.5625
61.25
64.6875
67.0
65.125
63.625
61.9375
60.375
59.4375
58.3125
56.875
55.375
54.0
53.0
52.25
51.4375
50.6875
49.9375
49.3125
48.6875
48.125
47.625
47.25
46.9375
46.5625
46.125
45.8125
45.6875
46.1875
48.3125
55.1875
66.0
75.25
82.375
87.6875
92.1875
97.0
101.375
104.5625
106.5
107.0
105.125
100.5
93.3125
84.3125
74.375
66.75
66.6875
70.75
70.75
68.6875
67.0
64.75
62.8125
61.625
60.5
59.1875
57.9375
56.6875
55.375
54.3125
53.375
52.625
51.9375
51.3125
50.75
50.25
49.75
49.5
49.9375
53.3125
62.9375
74.625
82.3125
87.875
92.5625
96.75
100.8125
104.125
105.8125
106.0
104.8125
101.5625
95.8125
87.75
78.0
69.0625
66.5625
70.125
71.0625
68.8125
67.125
65.3125
63.3125
62.0
60.9375
59.6875
58.4375
57.3125
56.125
55.0625
54.1875
53.4375
52.75
52.0
51.3125
50.625
50.0
49.4375
48.875
48.375
47.9375
47.4375
47.1875
47.375
49.9375
58.75
71.5
80.875
87.5
93.0
97.75
102.5
106.625
109.1875
110.25
109.9375
107.125
101.5625
93.875
84.625
74.4375
67.5
69.0625
72.4375
70.5
67.5625
65.5625
63.25
61.375
60.0
58.625
57.25
55.9375
54.6875
53.6875
52.875
52.0625
51.1875
50.4375
49.625
48.8125
48.0625
47.5
47.0625
47.125
48.8125
55.125
66.5625
76.1875
81.5625
85.375
88.875
92.5
95.8125
98.0
99.0
98.4375
96.0625
91.5
84.25
74.8125
65.375
61.5
65.125
66.9375
64.9375
63.375
61.75
60.5625
59.8125
58.9375
58.5625
58.75
61.0
66.5625
71.375
72.75
73.875
74.5
73.8125
72.125
69.3125
65.3125
60.5625
55.1875
51.4375
52.5625
55.8125
56.0625
54.875
54.125
53.0
52.0
51.5625
50.6875
49.625
48.8125
48.125
47.25
46.5
46.0
45.5625
45.1875
44.875
44.625
44.375
44.125
43.875
43.5
43.125
42.6875
42.3125
42.125
42.1875
42.875
47.0
58.625
73.0
82.1875
88.0625
93.4375
99.0625
104.6875
109.375
112.125
112.375
110.0625
105.625
99.125
90.625
80.625
71.3125
68.9375
73.0625
73.9375
71.3125
69.5
67.5625
65.3125
63.625
62.1875
60.625
59.125
57.9375
56.75
55.75
54.75
53.9375
53.125
52.4375
51.875
51.25
50.625
50.0
49.3125
48.75
48.1875
47.625
47.125
46.625
46.1875
45.75
45.375
44.9375
44.5
44.1875
43.875
43.625
43.4375
43.5625
46.0
55.625
70.1875
80.375
86.375
91.6875
97.0625
102.5625
107.25
110.5
111.625
110.0625
106.25
100.75
93.25
83.5625
72.875
66.5625
68.6875
71.625
69.625
67.125
65.4375
63.3125
61.4375
60.0625
58.5
57.0625
56.0
55.1875
54.375
54.4375
56.75
63.5625
72.3125
76.9375
79.0625
81.0
82.3125
82.8125
82.0625
79.375
75.0
69.125
62.0625
55.1875
53.0
56.875
59.375
58.1875
57.0625
55.875
54.625
54.0625
53.3125
52.125
51.0625
50.1875
49.1875
48.25
47.375
46.625
45.9375
45.25
44.75
44.25
43.9375
43.4375
42.875
42.25
41.75
41.4375
41.0625
40.75
40.5
40.3125
40.25
40.125
40.0625
40.0
40.0
39.9375
39.9375
40.125
41.0625
45.375
55.875
67.6875
76.1875
82.1875
87.125
92.875
99.0
104.25
106.75
105.75
103.0
99.875
95.5
88.25
78.875
69.6875
66.125
69.6875
71.75
69.5625
67.5
65.6875
63.4375
61.8125
60.5625
59.1875
57.8125
56.5
55.25
54.125
53.125
52.3125
51.6875
51.1875
50.6875
50.125
49.6875
49.125
48.625
48.1875
47.75
47.25
46.75
46.25
45.75
45.1875
44.6875
44.25
43.875
43.875
45.3125
52.0
64.25
74.5625
81.3125
86.6875
91.4375
96.3125
101.0625
104.3125
106.1875
106.6875
104.375
99.375
92.6875
84.25
74.4375
66.625
66.375
70.125
69.875
67.5
66.0625
64.3125
62.5
61.25
60.125
58.875
57.625
56.4375
55.375
54.3125
53.4375
52.6875
52.0625
51.5625
51.0
50.375
49.625
48.9375
48.25
47.75
47.25
47.0625
47.8125
52.0625
62.25
73.0625
80.25
85.8125
90.3125
94.375
98.375
101.5
103.3125
103.4375
101.8125
98.0
91.875
83.5625
73.4375
64.4375
62.625
66.5
67.0625
64.75
63.1875
61.125
59.0
57.75
56.6875
55.5
54.1875
53.0625
52.0625
51.25
50.4375
49.5625
48.8125
48.1875
47.5
46.875
46.3125
45.6875
45.3125
45.6875
48.375
56.5
67.9375
75.9375
80.625
84.125
87.5
91.0625
94.0
95.8125
96.3125
95.4375
92.8125
87.5625
79.75
70.125
61.625
59.6875
63.8125
64.875
63.3125
62.125
60.375
58.9375
58.1875
56.875
55.5625
54.5
53.75
53.8125
56.4375
63.5625
71.875
76.3125
79.25
82.0625
84.1875
85.9375
86.8125
86.0625
83.4375
79.0
72.9375
65.6875
59.0625
57.25
60.5
61.875
60.5
59.3125
57.75
56.0
55.125
54.375
53.25
52.3125
51.4375
50.5625
49.8125
49.125
48.5625
48.0625
47.5625
47.125
46.6875
46.1875
45.6875
45.125
44.625
44.1875
43.625
43.125
42.6875
42.25
41.9375
41.5625
41.3125
41.1875
41.0625
40.875
40.8125
41.0
42.0
47.625
60.625
73.8125
82.0
88.3125
94.125
100.0
106.0
110.3125
111.8125
110.25
107.125
103.5625
98.3125
90.3125
80.375
71.625
69.1875
72.8125
73.625
70.9375
68.9375
66.8125
64.4375
62.625
61.25
59.8125
58.625
57.5625
56.5625
55.5
54.5
53.625
52.8125
52.0625
51.4375
50.875
50.3125
49.6875
49.0625
48.375
47.8125
47.1875
46.625
46.125
45.8125
45.75
46.75
51.8125
63.125
74.3125
81.625
87.25
91.8125
96.1875
100.6875
104.3125
106.25
106.3125
104.5
100.3125
93.75
85.0625
74.9375
65.875
63.9375
68.125
68.9375
66.1875
64.1875
62.25
60.25
58.9375
57.8125
56.5625
55.3125
54.125
53.125
52.25
51.5
50.6875
49.875
49.125
48.375
47.6875
47.0
46.3125
45.875
45.75
46.875
52.1875
63.1875
73.5625
79.4375
83.25
86.5
89.875
93.4375
96.0625
97.3125
97.1875
95.3125
90.6875
83.5625
74.75
65.3125
60.125
62.6875
65.625
64.25
62.75
61.0625
59.625
58.8125
57.9375
57.3125
57.0
57.3125
61.0
68.375
73.0625
74.75
76.75
78.25
78.9375
78.5625
76.5
72.875
68.125
62.3125
56.375
53.4375
55.8125
58.3125
57.5625
56.375
55.375
53.9375
53.0
52.375
51.375
50.3125
49.5625
48.75
47.9375
47.3125
46.8125
46.4375
46.0625
45.75
45.375
44.9375
44.5625
44.125
43.75
43.375
42.9375
42.5
42.125
41.6875
41.1875
40.8125
40.5
40.1875
40.0
39.8125
39.6875
39.8125
40.25
42.5
50.75
64.9375
76.5625
83.75
89.5
95.25
101.5625
107.25
110.5625
110.375
108.1875
105.25
100.625
93.375
84.1875
74.4375
67.875
69.0625
72.6875
71.6875
69.25
67.5
65.375
63.3125
61.9375
60.625
59.1875
57.9375
56.8125
55.75
54.8125
54.0
53.25
52.5
51.8125
51.125
50.5
49.875
49.25
48.625
48.0625
47.5625
47.0625
46.625
46.1875
45.6875
45.25
44.75
44.4375
44.1875
44.3125
46.0
53.1875
65.6875
75.9375
82.8125
88.25
92.9375
97.875
102.375
105.3125
106.375
105.8125
102.9375
97.375
90.25
81.625
71.3125
63.4375
63.75
67.8125
67.375
65.125
63.625
61.625
59.6875
58.375
57.125
55.75
54.5
53.3125
52.25
51.5
50.75
49.9375
49.1875
48.4375
47.6875
47.0625
46.375
45.75
45.3125
45.25
46.625
52.0625
62.625
72.5
78.25
81.8125
84.75
87.875
91.0625
93.3125
94.3125
94.0625
92.0
87.5625
80.8125
72.3125
63.375
58.6875
61.375
63.9375
62.625
61.3125
60.0
58.625
57.5625
56.1875
54.875
53.8125
52.625
51.5
50.625
49.8125
49.125
48.5625
48.0625
47.625
47.25
46.875
46.4375
45.9375
45.4375
44.9375
44.4375
44.0
44.0
45.0625
49.9375
59.8125
69.75
77.25
83.1875
87.8125
92.625
97.5625
101.375
103.75
104.1875
102.6875
99.125
93.0
84.8125
75.9375
67.8125
64.625
67.8125
69.375
67.5
65.875
64.125
61.875
60.375
59.375
58.3125
57.3125
56.375
55.375
54.1875
53.1875
52.4375
51.6875
51.0
50.5
50.0625
49.5625
49.125
49.0
50.3125
56.3125
67.1875
76.625
82.8125
87.875
92.1875
96.1875
100.0
102.875
103.9375
103.8125
102.125
97.75
91.0
82.5625
73.0625
66.125
66.6875
70.3125
69.9375
67.8125
66.0
63.8125
62.0625
61.1875
60.3125
58.875
57.375
56.25
55.1875
54.3125
53.5625
52.8125
52.125
51.625
51.0625
50.4375
49.75
49.1875
48.625
48.125
47.625
47.125
46.875
47.125
50.125
59.5
71.9375
80.6875
87.0
92.125
96.75
101.3125
105.25
107.625
108.5
107.8125
104.8125
99.125
91.0
81.3125
71.25
64.9375
66.875
70.4375
69.0
66.5625
64.6875
62.25
60.25
59.0
57.625
56.1875
55.0
53.875
52.875
51.9375
51.125
50.375
49.6875
49.0625
48.375
47.6875
47.0
46.3125
45.625
45.0625
44.8125
45.1875
47.8125
55.875
67.4375
75.8125
80.6875
84.3125
87.6875
91.125
94.125
96.3125
97.0625
96.5625
94.25
89.25
81.625
72.375
63.4375
60.1875
63.875
65.375
63.6875
62.5
60.5625
58.8125
58.0625
57.0625
56.0
54.8125
53.75
52.6875
51.6875
50.9375
50.3125
49.75
49.25
48.875
48.375
47.875
47.5
47.4375
47.9375
50.25
57.125
66.9375
75.0625
81.4375
86.3125
90.4375
94.625
98.25
101.1875
103.0625
103.1875
100.6875
95.25
87.6875
79.1875
70.375
65.0
66.4375
69.1875
68.5
67.0
65.3125
63.125
61.625
60.625
59.4375
58.3125
57.25
56.0625
54.6875
53.5
52.625
52.0625
51.625
51.25
50.875
50.3125
49.625
49.0625
48.625
48.1875
47.75
47.4375
47.625
49.5625
57.0625
69.125
78.625
85.0625
90.3125
95.0
99.6875
104.125
107.4375
109.0
108.625
106.125
101.25
94.3125
86.125
76.9375
69.5625
69.0
72.4375
72.3125
70.25
68.5
66.375
64.3125
62.875
61.625
60.25
58.9375
57.6875
56.5625
55.5625
54.8125
54.1875
53.5
52.8125
52.125
51.375
50.6875
50.25
50.0625
50.875
55.5625
66.25
77.0
83.8125
89.125
93.4375
97.4375
101.5625
104.75
106.3125
106.3125
105.0
101.3125
94.5
85.5625
75.4375
66.9375
65.4375
69.125
69.3125
66.75
64.9375
62.9375
60.8125
59.4375
58.3125
56.875
55.625
54.375
53.1875
52.1875
51.25
50.3125
49.5
49.0
48.5
48.0625
47.5
46.875
46.25
45.625
44.9375
44.25
43.875
43.8125
45.0
50.6875
62.3125
73.375
79.875
83.875
87.5
91.875
96.0625
99.25
101.125
101.25
99.375
95.0625
88.375
79.625
69.75
62.1875
62.875
67.3125
66.9375
65.3125
63.6875
61.4375
60.3125
59.5
58.25
56.875
55.6875
54.6875
53.6875
52.875
52.125
51.375
50.875
50.4375
49.875
49.3125
48.75
48.375
48.3125
49.0625
52.4375
60.75
70.375
77.5
83.1875
87.75
91.75
95.8125
99.4375
101.9375
103.0625
102.625
99.5625
93.9375
86.3125
77.0625
68.125
64.6875
68.0
70.0
68.625
67.125
65.3125
63.3125
61.9375
60.75
59.375
58.1875
57.125
55.9375
54.75
53.75
52.9375
52.3125
51.9375
51.625
51.25
50.75
50.1875
49.5625
49.0625
48.625
48.3125
48.1875
48.875
53.4375
64.4375
76.125
83.875
89.875
94.9375
99.625
104.1875
108.0
110.1875
110.8125
109.625
105.8125
99.5625
91.5625
82.0
72.6875
69.3125
73.0
74.6875
72.125
70.0
68.125
66.0
64.375
63.1875
61.8125
60.5625
59.4375
58.375
57.3125
56.5
55.75
55.0
54.3125
53.5625
52.875
52.1875
51.5
51.125
51.125
53.0625
60.5
72.3125
81.375
87.5
92.5625
96.75
100.6875
104.25
106.5625
107.3125
106.6875
104.25
99.4375
92.125
82.5625
72.4375
66.75
68.75
71.0625
68.75
66.1875
64.25
62.0625
60.5
59.5625
58.4375
57.0625
55.8125
54.5625
53.5
52.625
51.75
50.9375
50.25
49.625
49.0625
48.375
47.8125
47.1875
46.5625
45.9375
45.375
44.875
44.6875
45.25
48.8125
58.625
70.875
79.0
83.75
87.5
91.625
96.0
99.5
101.8125
102.875
102.375
99.3125
93.3125
85.1875
75.5625
66.125
62.8125
67.0625
68.9375
67.125
65.6875
63.875
62.125
60.75
59.375
58.1875
57.0625
55.9375
54.9375
53.9375
53.0
52.25
51.6875
51.1875
50.75
50.1875
49.6875
49.1875
49.0625
49.625
52.1875
59.4375
69.4375
77.1875
83.1875
88.0
92.125
96.125
99.625
102.25
103.75
103.8125
101.5625
96.75
89.5625
80.4375
71.0
65.75
67.875
70.6875
69.6875
68.125
66.3125
64.0625
62.5625
61.5
60.1875
59.0
57.9375
56.8125
55.6875
54.75
53.8125
52.9375
52.25
51.8125
51.375
51.0
50.5625
50.0625
49.625
49.125
48.5625
48.1875
48.4375
51.1875
59.9375
72.375
81.4375
87.6875
93.125
98.0625
102.875
107.1875
110.125
111.625
111.375
108.9375
103.9375
96.9375
88.0
77.5625
70.3125
71.1875
75.0
74.1875
71.75
69.9375
67.625
65.5625
64.125
62.6875
61.25
60.0
59.0
57.9375
56.9375
56.1875
55.375
54.625
53.875
53.125
52.4375
51.8125
51.3125
51.0625
51.875
56.6875
67.4375
78.25
85.125
90.375
94.75
98.875
103.0
106.0625
107.5
107.4375
106.0
102.5
96.375
87.9375
77.9375
69.8125
68.875
72.1875
71.5
68.625
66.6875
64.4375
62.1875
60.5625
59.1875
57.75
56.4375
55.3125
54.1875
53.0625
52.125
51.25
50.5
49.875
49.1875
48.5625
48.0
47.5
46.9375
46.3125
45.75
45.25
44.875
44.875
46.625
53.5
65.875
76.375
82.3125
86.4375
90.25
94.4375
98.4375
101.1875
102.8125
103.25
101.5
96.75
89.4375
80.3125
70.5625
63.875
65.625
69.5625
68.125
66.0
64.375
62.625
61.625
60.5625
59.125
57.5
55.9375
54.8125
53.875
52.9375
52.125
51.4375
50.8125
50.3125
49.75
49.1875
48.75
48.5625
48.8125
50.125
54.6875
64.0625
73.5
80.25
85.5625
89.6875
93.625
97.5
100.4375
102.3125
103.0
102.0
98.625
92.5
84.0
74.25
66.625
66.0625
69.75
70.3125
68.625
67.0
64.8125
62.875
61.6875
60.4375
59.0625
57.875
56.6875
55.625
54.6875
53.75
52.875
52.1875
51.6875
51.1875
50.6875
50.125
49.5625
49.0625
48.5625
48.1875
47.875
47.875
49.125
55.0
66.8125
77.75
84.9375
90.9375
96.125
100.8125
105.5
109.0
110.9375
111.5
110.0625
106.125
100.0
91.4375
81.3125
72.3125
69.6875
73.4375
74.4375
72.0625
70.3125
68.3125
66.0625
64.375
63.0625
61.6875
60.3125
59.1875
58.0625
56.9375
56.0
55.3125
54.625
53.9375
53.1875
52.375
51.75
51.1875
50.8125
51.0
53.5625
62.125
74.0625
82.625
88.625
93.4375
97.4375
101.625
105.3125
107.4375
107.9375
107.0
104.25
99.1875
91.5625
81.75
71.8125
67.125
69.75
71.375
68.875
66.6875
64.8125
62.5
60.75
59.5625
58.125
56.8125
55.5625
54.375
53.375
52.5625
51.6875
50.9375
50.25
49.625
49.0
48.375
47.75
47.1875
46.5625
45.875
45.25
44.875
44.8125
45.75
50.1875
61.0
72.9375
80.5
85.0625
88.8125
93.0
97.375
100.8125
102.8125
103.5
102.3125
98.4375
91.875
83.0625
72.8125
64.3125
63.6875
68.6875
68.8125
66.3125
64.75
63.0
61.875
60.625
59.0625
57.875
57.0
55.8125
54.5625
53.5
52.625
51.875
51.25
50.75
50.25
49.75
49.3125
49.0
48.875
49.4375
51.8125
58.75
68.6875
76.875
83.125
88.0625
92.1875
96.0625
99.5625
102.25
103.875
103.5625
100.8125
95.8125
88.5625
79.5625
70.5625
65.8125
67.875
70.125
69.0
67.4375
65.75
63.6875
62.375
61.3125
59.9375
58.6875
57.5625
56.4375
55.25
54.1875
53.375
52.6875
52.125
51.625
51.125
50.5625
49.9375
49.375
49.0625
49.125
49.8125
53.5625
63.5
75.1875
83.3125
89.5
94.6875
99.375
103.875
107.5625
109.75
110.625
110.0625
106.75
101.0625
93.4375
83.75
74.0
69.625
72.5
74.25
71.9375
69.9375
68.25
66.1875
64.6875
63.5625
62.3125
60.875
59.625
58.625
57.625
56.5625
55.5625
54.6875
53.875
53.125
52.4375
51.9375
51.75
52.25
55.75
65.4375
77.0625
84.9375
90.75
95.5
99.4375
103.375
106.5625
108.1875
108.25
106.625
103.25
97.5
89.1875
79.0
70.375
68.625
71.9375
71.6875
68.875
66.8125
64.625
62.3125
60.5625
59.3125
57.9375
56.625
55.5
54.375
53.375
52.4375
51.6875
50.875
50.125
49.3125
48.5625
48.0625
47.75
47.6875
48.75
53.9375
65.5625
77.25
84.0
88.1875
91.5
95.3125
99.125
101.875
103.1875
102.875
101.0
97.125
90.5625
81.5
71.375
64.6875
66.6875
70.3125
68.375
65.9375
64.25
62.625
61.6875
60.5625
59.0625
57.8125
56.6875
55.4375
54.3125
53.125
52.0
51.125
50.5625
50.0
49.5
49.125
49.375
51.125
57.0625
68.0
77.625
83.625
88.0625
92.0625
96.0
99.5
101.9375
103.25
103.125
101.0625
96.1875
88.625
79.4375
70.1875
65.25
67.5625
69.875
68.75
67.125
65.0625
62.875
61.625
60.875
59.8125
58.8125
57.9375
56.75
55.625
54.625
53.8125
53.0625
52.3125
51.6875
51.0625
50.5625
50.375
50.875
54.3125
64.1875
76.4375
85.0625
91.25
96.3125
100.75
105.1875
108.6875
110.625
111.125
109.8125
106.0625
99.625
90.8125
80.5
71.5
69.125
73.3125
74.5
71.625
69.5
67.5625
65.625
64.4375
63.3125
61.9375
60.4375
59.1875
57.9375
56.75
55.8125
55.125
54.375
53.625
52.9375
52.3125
51.625
51.0
50.3125
49.75
49.25
48.6875
48.1875
47.75
47.25
46.8125
46.375
46.0
45.4375
45.0
44.625
44.5
45.0
48.875
59.75
73.1875
82.3125
88.9375
94.5
100.0
105.625
110.25
113.25
114.4375
113.0
109.5625
104.125
96.25
86.625
76.5625
70.625
72.75
75.8125
74.0625
71.6875
69.9375
67.8125
65.8125
64.375
62.8125
61.3125
60.0
58.875
57.8125
56.8125
55.875
55.125
54.375
53.6875
52.75
51.75
50.625
49.5
48.4375
47.5
46.75
46.1875
46.0
47.3125
53.25
64.8125
75.5625
82.4375
87.25
90.9375
94.6875
98.5625
101.25
102.3125
101.8125
100.0
95.8125
88.6875
79.3125
69.4375
63.5
66.125
69.5625
67.5
65.0625
63.3125
61.625
60.75
59.75
58.3125
57.0
56.0
55.0
53.875
52.75
51.8125
51.125
50.5
49.875
49.25
48.4375
47.625
47.1875
46.8125
46.6875
48.25
54.6875
65.9375
75.125
80.1875
83.75
87.375
91.25
94.625
97.0
98.375
98.5625
96.875
92.5
85.3125
76.5
67.5
62.875
65.5
67.8125
66.625
65.5
63.625
61.5
60.3125
59.375
58.125
56.8125
55.5625
54.4375
53.4375
52.5
51.75
51.0625
50.5625
50.125
49.75
49.3125
48.75
48.25
47.75
47.25
46.75
46.5
46.5
47.875
54.0625
65.9375
76.4375
83.5
89.3125
94.125
98.75
103.3125
106.75
108.625
109.0625
107.375
103.25
96.875
88.375
78.4375
70.25
69.5
73.4375
73.0
70.25
68.5625
66.5
64.375
62.9375
61.75
60.3125
58.9375
57.9375
56.9375
55.9375
55.0625
54.3125
53.5625
52.875
52.1875
51.5625
51.0625
50.5625
50.3125
51.0
55.3125
65.8125
77.1875
84.4375
89.8125
94.1875
98.125
102.0
105.0625
106.5
106.5
105.1875
101.6875
95.25
86.1875
76.125
68.4375
68.4375
72.5
72.25
69.5
67.75
65.75
63.8125
62.625
61.5
60.0
58.625
57.625
56.5625
55.625
54.8125
53.9375
53.1875
52.625
52.0
51.375
50.75
50.1875
49.5625
48.9375
48.375
47.875
47.5625
47.75
50.125
58.5
71.25
80.8125
87.125
92.0
96.1875
100.75
104.625
107.0
108.0
107.5625
104.8125
99.6875
92.4375
82.9375
72.3125
65.5625
67.625
71.0625
69.25
66.9375
65.3125
63.125
61.5
60.5
59.1875
57.8125
56.5625
55.4375
54.5
53.625
52.5625
51.75
51.0
50.3125
49.5625
48.75
48.0625
47.5625
47.3125
48.0
51.25
60.125
71.625
79.0625
83.3125
86.6875
89.9375
93.375
96.25
98.0
98.375
97.1875
93.625
87.3125
78.8125
69.1875
61.9375
62.6875
66.5625
66.0
64.5
63.0
61.1875
60.25
59.375
58.125
56.9375
55.875
54.8125
53.75
52.8125
52.0625
51.375
50.875
50.3125
49.75
49.1875
48.5625
47.9375
47.3125
46.625
46.125
45.75
46.0
47.1875
51.875
62.125
72.8125
80.875
87.1875
92.25
97.1875
101.8125
105.6875
108.5
109.3125
107.625
103.625
97.5625
89.75
80.5
71.0625
67.25
71.25
73.375
70.9375
68.875
66.75
64.375
62.875
61.75
60.4375
59.3125
58.3125
57.25
56.3125
55.5
54.625
53.75
53.0625
52.375
51.6875
50.9375
50.4375
50.25
50.8125
54.25
63.5625
75.0
82.9375
88.875
93.5625
97.6875
101.9375
105.375
107.1875
107.6875
106.75
103.3125
97.4375
89.625
79.8125
70.5
67.875
71.8125
73.125
70.6875
68.625
66.5
64.3125
62.8125
61.6875
60.3125
59.0
57.875
56.8125
55.875
54.9375
54.1875
53.4375
52.875
52.3125
51.75
51.125
50.4375
49.75
49.0625
48.5625
48.0625
47.75
48.0
50.625
59.625
72.4375
81.8125
88.375
93.8125
98.5
103.375
107.625
110.125
110.9375
110.1875
106.75
100.6875
92.75
83.0
72.25
66.0
68.25
71.4375
69.75
67.625
65.875
63.625
61.8125
60.625
59.1875
57.5
56.0
54.75
53.6875
52.9375
52.25
51.5
50.75
50.0
49.3125
48.625
47.9375
47.3125
46.9375
47.25
49.8125
57.875
69.6875
78.1875
83.0
86.5
89.6875
93.1875
96.4375
98.4375
99.0
98.0625
95.375
90.125
82.1875
72.4375
63.625
62.0
66.25
66.75
64.5625
63.0
61.0625
60.0625
59.4375
58.0
56.375
55.25
54.375
53.25
52.25
51.3125
50.5625
49.9375
49.4375
49.0
48.625
48.3125
47.9375
47.5
46.9375
46.4375
46.125
46.0
46.625
50.125
59.125
69.9375
78.1875
84.5
89.375
94.25
99.0625
103.0625
106.0
107.5
106.5
103.1875
97.6875
90.25
81.125
71.6875
66.5625
68.9375
71.75
70.25
68.375
66.5625
64.25
62.6875
61.5625
60.1875
58.9375
57.75
56.5
55.375
54.5
53.75
53.0625
52.4375
51.75
51.125
50.5625
50.0625
49.75
49.9375
52.375
60.625
72.5
81.0
86.75
91.75
96.1875
100.3125
103.875
106.125
106.8125
106.125
103.6875
98.8125
91.3125
81.6875
71.8125
67.125
70.1875
72.5
70.375
68.375
66.5625
64.375
62.875
61.75
60.375
59.0
57.75
56.625
55.5
54.6875
53.9375
53.1875
52.4375
51.9375
51.375
50.75
50.0625
49.4375
48.875
48.3125
47.8125
47.4375
47.375
48.4375
54.0
65.875
77.3125
84.625
90.25
94.8125
99.5625
104.5
108.0625
109.9375
110.5625
109.125
104.4375
97.25
88.125
77.5
68.375
66.5625
70.75
71.25
68.4375
66.4375
64.1875
61.9375
60.5625
59.375
58.0
56.6875
55.4375
54.25
53.25
52.3125
51.4375
50.625
49.875
49.25
48.5625
47.9375
47.25
46.75
46.5625
47.3125
51.25
61.0625
72.4375
79.5
83.75
87.125
90.625
94.25
97.125
98.75
99.0625
97.6875
94.0
87.625
78.9375
69.0625
61.875
62.8125
66.8125
65.9375
63.9375
62.4375
60.5
59.4375
58.6875
57.25
55.75
54.625
53.6875
52.625
51.6875
51.0
50.375
49.75
49.25
48.75
48.1875
47.8125
47.5
47.125
46.625
46.1875
45.8125
45.6875
46.25
49.5625
58.375
69.25
77.6875
84.1875
89.0625
93.5625
98.375
102.5625
105.875
107.5625
106.625
103.25
97.875
90.1875
81.0625
71.8125
66.5
68.875
71.875
70.375
68.5
66.625
64.25
62.625
61.5
60.1875
58.875
57.75
56.5
55.375
54.375
53.5625
52.8125
52.1875
51.5625
51.0
50.4375
49.9375
49.625
49.75
51.4375
58.5
70.3125
79.75
85.75
90.75
95.0625
99.1875
103.0625
105.5
106.1875
105.75
103.5625
98.875
91.8125
82.75
72.9375
67.0
68.75
71.875
70.625
68.5625
66.9375
64.6875
63.0
61.875
60.5625
59.0625
57.875
56.8125
55.8125
54.8125
53.875
53.125
52.5
51.9375
51.375
50.8125
50.125
49.5
48.875
48.25
47.6875
47.3125
47.125
47.875
52.1875
63.0625
75.125
83.1875
89.375
94.25
98.5
103.25
107.3125
109.5625
110.125
108.8125
105.125
98.5625
89.75
79.1875
69.0625
65.25
68.75
70.375
68.1875
66.5
64.5
62.25
60.625
59.3125
58.0
56.6875
55.5
54.375
53.375
52.5
51.6875
50.875
50.0625
49.375
48.75
48.0625
47.3125
46.75
46.5
47.0
50.25
59.25
71.0
78.625
82.9375
86.3125
89.875
93.5625
96.375
98.0625
98.5
97.125
93.5625
87.625
79.625
70.125
62.5
62.375
66.3125
65.9375
63.9375
62.5
60.8125
60.0
58.875
57.1875
55.8125
54.9375
53.9375
52.8125
51.8125
51.0625
50.4375
49.9375
49.4375
49.0
48.625
48.1875
47.8125
47.25
46.625
46.0625
45.5625
45.3125
45.8125
48.9375
57.6875
68.8125
77.25
83.75
89.0
93.75
98.625
102.75
105.8125
107.5
106.875
103.375
97.625
90.375
81.5625
72.25
66.625
68.9375
72.25
70.625
68.4375
66.8125
64.5
62.75
61.6875
60.375
59.0
57.8125
56.625
55.5625
54.8125
54.3125
54.125
55.0625
60.0625
70.5
80.125
85.1875
88.8125
92.0
94.6875
97.125
98.625
98.25
95.875
91.6875
85.6875
78.0625
69.625
64.3125
66.0
69.25
68.25
66.0625
64.4375
62.5
60.8125
59.8125
58.75
57.4375
56.375
55.4375
54.5
53.5625
52.6875
51.9375
51.4375
50.875
50.3125
49.75
49.1875
48.625
48.0625
47.625
47.1875
46.75
46.4375
46.0625
45.625
45.1875
44.75
44.375
44.0
43.8125
44.125
46.75
56.125
69.875
80.0625
87.0625
92.875
98.3125
104.1875
109.375
112.5
113.5
111.875
108.25
103.1875
96.0
86.1875
75.25
67.6875
68.6875
72.5
71.25
68.75
67.0625
64.8125
62.625
61.0625
59.75
58.3125
56.9375
55.5
54.25
53.3125
52.5625
51.8125
51.125
50.4375
49.75
49.0625
48.3125
47.5625
47.0625
46.875
48.0
52.8125
63.3125
73.8125
79.8125
83.5
86.8125
90.1875
93.375
95.625
96.6875
96.5
94.4375
90.3125
83.6875
74.9375
65.5625
60.75
63.6875
66.3125
64.8125
63.1875
61.4375
59.625
58.4375
57.1875
56.25
55.3125
54.1875
53.0625
52.0625
51.3125
50.6875
50.25
49.8125
49.375
49.0
48.5625
48.0
47.4375
46.8125
46.1875
45.625
45.3125
45.625
47.8125
55.1875
66.375
75.5625
82.3125
87.5
92.1875
97.25
101.75
105.1875
107.1875
106.5625
103.1875
98.25
91.875
83.625
74.125
67.0
67.5
71.3125
70.875
69.0
67.5625
65.125
62.9375
61.5625
60.25
58.8125
57.5625
56.5625
55.5625
54.8125
54.125
53.375
52.6875
52.0
51.375
50.8125
50.1875
49.75
49.6875
51.375
58.1875
69.875
79.3125
85.5625
90.6875
94.8125
98.6875
102.3125
105.0
106.25
105.6875
103.3125
98.875
92.0
82.875
73.0
67.0625
68.75
71.625
70.125
68.25
66.75
64.6875
62.9375
61.75
60.5
59.0625
57.9375
56.8125
55.75
54.8125
54.0625
53.5
53.125
53.0625
55.0
62.75
75.0
83.75
88.5
92.625
96.125
99.3125
102.125
103.6875
103.5
101.3125
97.0
90.8125
82.6875
73.4375
66.875
67.4375
70.25
68.8125
66.125
64.0625
61.875
59.9375
58.625
57.5
56.0625
54.6875
53.5625
52.5
51.625
50.875
50.125
49.4375
48.75
48.0625
47.5625
47.0
46.4375
45.8125
45.25
44.75
44.25
43.75
43.125
42.625
42.0625
41.5625
41.3125
41.25
42.0
46.1875
57.375
70.8125
79.5
84.0625
87.5625
92.0625
97.3125
101.5625
104.4375
105.875
104.625
100.625
94.625
86.6875
77.0
67.6875
64.5625
69.0
70.375
67.5
65.5625
63.75
62.25
61.25
59.9375
58.625
57.4375
56.3125
55.1875
54.1875
53.3125
52.5625
51.875
51.3125
50.8125
50.375
49.8125
49.1875
48.5625
47.875
47.0625
46.375
46.0
46.0625
47.25
52.3125
62.625
72.6875
80.0625
85.9375
90.375
94.8125
99.4375
102.875
105.0
105.875
104.6875
100.8125
94.5625
85.8125
75.375
67.0
66.0625
70.5
71.1875
69.0625
67.4375
65.25
63.0625
61.6875
60.5
59.125
57.8125
56.8125
55.875
55.0625
54.375
53.625
52.9375
52.1875
51.5625
50.9375
50.375
50.0
49.8125
50.8125
56.0
67.0
77.5
84.25
89.5625
94.0
98.125
102.125
105.0
106.3125
106.3125
104.75
100.8125
94.125
85.375
75.625
68.375
68.5625
72.0
71.25
68.875
67.25
65.3125
63.5
62.3125
61.0625
59.5625
58.25
57.25
56.1875
55.25
54.5
53.75
53.0
52.4375
51.875
51.3125
50.6875
50.0
49.25
48.625
48.125
47.6875
47.5
47.8125
50.6875
59.9375
72.375
81.25
87.625
92.8125
97.125
101.4375
105.0
107.125
107.9375
107.3125
104.25
98.1875
89.875
79.9375
70.0
65.0
68.125
71.125
69.125
66.875
65.0
62.6875
60.9375
59.6875
58.375
56.9375
55.6875
54.625
53.6875
52.8125
52.0
51.25
50.5625
49.8125
49.0625
48.3125
47.6875
47.1875
47.0625
48.3125
53.5
64.25
74.6875
80.625
84.3125
87.6875
91.25
94.4375
96.6875
97.875
97.75
95.875
91.9375
85.25
76.25
66.6875
61.4375
64.3125
67.0
65.375
63.9375
62.1875
60.25
59.25
58.25
57.0625
55.875
54.8125
53.75
52.75
52.0
51.375
50.8125
50.375
49.9375
49.5
48.875
48.25
47.625
47.0
46.25
45.6875
45.25
45.3125
46.375
51.0
61.3125
72.125
79.8125
85.8125
90.875
95.9375
101.0
105.0
107.6875
109.0
107.625
103.3125
97.0
89.3125
80.25
71.0625
67.6875
71.375
73.0
70.5
68.3125
66.1875
64.0
62.5625
61.375
60.0625
58.75
57.625
56.5625
55.5625
54.8125
54.125
53.4375
52.6875
51.9375
51.25
50.625
50.1875
50.0
51.0625
56.6875
67.875
78.0625
84.3125
89.3125
93.6875
97.75
101.8125
104.875
106.125
105.8125
103.8125
99.4375
92.4375
83.375
73.5
67.125
68.875
72.6875
71.1875
68.5
66.875
64.8125
63.0
61.8125
60.5625
59.25
58.0625
56.9375
55.8125
54.8125
54.0625
53.3125
52.8125
52.5625
52.8125
56.25
66.0625
78.0625
85.375
90.0625
94.25
97.8125
101.125
104.0
105.1875
104.3125
101.3125
96.25
89.125
79.875
70.1875
64.9375
67.5625
70.25
68.125
65.625
63.625
61.375
59.8125
58.75
57.5
56.1875
54.9375
53.8125
52.8125
51.875
51.125
50.375
49.6875
49.0625
48.4375
47.875
47.25
46.5625
45.9375
45.4375
45.0
44.375
43.875
43.375
42.875
42.375
42.0625
41.8125
42.0
43.875
51.3125
64.625
75.875
81.875
85.625
89.625
94.5625
99.6875
103.5
105.1875
104.5625
101.9375
97.1875
90.0625
81.1875
71.375
64.5625
66.4375
70.625
69.125
66.875
65.1875
63.1875
62.125
61.375
60.0625
58.75
57.5
56.5
55.5625
54.5
53.5625
52.6875
51.9375
51.3125
50.6875
50.0625
49.375
48.6875
48.0
47.3125
46.75
46.25
46.0
46.25
48.375
55.75
67.3125
76.6875
83.25
88.5
92.875
97.5
101.875
104.875
106.5625
106.625
104.375
99.25
91.9375
82.875
73.0625
66.0
67.3125
71.625
71.25
69.0625
67.25
65.0625
63.3125
62.125
60.8125
59.5
58.375
57.375
56.3125
55.3125
54.5
53.6875
52.9375
52.3125
51.5625
50.9375
50.3125
49.8125
49.6875
51.0
56.875
68.3125
78.4375
85.125
90.625
95.0625
99.0625
103.0625
105.9375
107.1875
106.875
105.0
100.875
94.1875
85.25
75.125
68.375
69.625
72.9375
71.8125
69.5
67.75
65.4375
63.5
62.25
61.0
59.5625
58.3125
57.3125
56.375
55.4375
54.6875
53.9375
53.1875
52.5625
51.875
51.1875
50.5
49.8125
49.1875
48.5625
47.9375
47.375
47.0
46.9375
48.875
56.6875
68.9375
78.5625
85.25
90.125
94.0625
98.5625
102.6875
104.9375
105.8125
105.4375
103.0
97.875
90.0625
80.375
70.3125
64.625
67.75
71.0
68.625
66.25
64.5625
62.5625
61.25
60.125
58.5
57.125
56.0625
55.125
54.0
52.875
51.9375
51.1875
50.625
50.0625
49.5
48.9375
48.75
49.375
52.375
60.6875
71.75
78.875
82.75
85.75
88.8125
91.875
94.25
95.5
95.625
94.125
90.75
85.0625
77.0
67.5625
61.25
62.8125
66.3125
65.3125
63.875
62.5
60.9375
60.0625
58.9375
57.5625
56.375
55.4375
54.4375
53.375
52.5
51.6875
51.0
50.25
49.5
48.9375
48.5625
48.5625
49.5
53.8125
63.6875
74.3125
82.0
87.9375
92.5625
96.8125
101.0
104.375
106.375
107.0
105.875
102.1875
95.75
87.125
77.25
68.9375
67.6875
71.75
72.125
69.6875
67.875
65.75
63.75
62.5625
61.625
60.1875
58.875
57.875
56.8125
55.8125
54.875
54.125
53.5
52.875
52.25
51.625
51.1875
51.125
52.6875
59.25
71.375
81.75
88.375
93.5
97.6875
101.875
105.875
108.5
109.4375
108.9375
106.75
101.75
93.9375
84.625
74.9375
69.25
71.625
74.625
72.625
70.125
68.25
66.125
64.5
63.3125
61.9375
60.25
58.9375
57.8125
56.75
55.75
54.8125
54.0625
53.5
52.875
52.25
51.5625
50.9375
50.375
49.8125
49.3125
48.875
48.375
47.8125
47.3125
46.875
46.3125
45.8125
45.375
45.0
44.75
45.0625
48.0
57.5625
70.875
80.0625
86.4375
91.875
96.6875
101.6875
106.25
109.0
110.3125
110.0625
107.25
101.8125
93.9375
84.25
73.875
66.9375
68.5
72.25
70.625
68.0625
66.375
64.1875
62.5625
61.4375
60.0625
58.5
57.125
55.9375
54.9375
53.875
52.9375
52.125
51.5
50.875
50.25
49.625
48.9375
48.3125
47.5625
46.9375
46.4375
46.0
45.9375
46.9375
51.5
61.6875
72.4375
78.875
82.75
86.0
89.4375
92.875
95.6875
97.375
97.6875
96.4375
92.625
86.125
77.6875
68.3125
61.6875
62.9375
66.6875
66.25
64.8125
63.375
61.5625
60.5625
59.625
58.5
57.375
56.1875
55.125
54.125
53.125
52.3125
51.5
50.75
50.125
49.4375
48.8125
48.1875
47.625
47.0
46.5
46.375
46.5625
48.3125
54.5625
65.625
75.375
82.3125
88.125
93.0625
97.9375
102.25
105.0625
106.6875
106.9375
105.1875
100.75
94.125
85.75
76.0625
68.0
67.5
71.75
71.5625
69.0625
67.4375
65.4375
63.6875
62.5625
61.3125
59.9375
58.75
57.6875
56.625
55.6875
54.875
54.125
53.4375
52.625
51.8125
51.125
50.5625
50.0
49.75
50.3125
54.375
64.6875
76.125
83.4375
89.0
93.625
97.75
101.875
105.1875
106.8125
107.0625
106.0
102.625
96.1875
87.75
78.1875
69.9375
68.4375
72.25
72.6875
70.375
68.6875
66.5625
64.25
62.75
61.5
60.1875
59.0
58.0
57.0
56.0
55.125
54.375
53.625
52.9375
52.375
51.6875
50.9375
50.3125
49.625
49.0
48.375
47.875
47.5625
47.5625
49.1875
56.0
68.3125
78.75
85.8125
91.4375
95.8125
99.9375
104.1875
107.125
108.375
108.4375
106.4375
101.5
94.3125
85.125
74.375
66.3125
66.625
71.0
70.5
67.9375
66.125
63.8125
61.875
60.625
59.4375
58.0625
56.6875
55.5
54.5625
53.625
52.6875
51.75
51.0
50.3125
49.625
48.9375
48.25
47.75
47.4375
47.8125
50.3125
58.1875
69.6875
77.9375
82.4375
85.875
89.4375
92.9375
95.9375
97.75
98.25
97.4375
94.625
89.4375
81.9375
72.5
64.0
62.75
66.8125
67.0625
65.375
63.6875
61.3125
60.0625
59.375
58.1875
56.9375
55.9375
54.8125
53.625
52.75
52.0
51.375
50.875
50.4375
49.9375
49.4375
48.9375
48.5
47.875
47.25
46.75
46.375
46.4375
48.25
54.75
65.875
75.5
82.5625
88.0625
92.75
97.8125
102.25
105.5625
107.9375
108.1875
105.6875
100.875
94.25
86.25
77.0625
69.3125
69.1875
73.0625
72.4375
69.9375
68.3125
66.0625
63.9375
62.5625
61.25
59.75
58.5
57.4375
56.5
55.6875
54.9375
54.1875
53.5
52.8125
52.0625
51.5
50.9375
50.375
50.125
50.4375
53.125
61.5
73.25
81.5625
87.4375
92.5
96.8125
101.0
104.75
107.0625
107.6875
106.75
104.0625
99.0
91.0625
81.0
71.5
68.125
72.0625
73.8125
71.3125
69.3125
67.375
65.125
63.5
62.3125
60.8125
59.375
58.1875
57.0625
56.0625
55.25
54.5
53.75
53.0625
52.5
51.9375
51.375
50.75
50.125
49.5
48.9375
48.375
47.8125
47.5
47.6875
50.0625
58.4375
71.1875
80.6875
87.25
92.8125
97.6875
102.4375
106.75
109.5
110.5625
109.8125
107.0
101.6875
93.875
84.0625
73.75
67.0
68.75
72.625
71.25
68.625
66.6875
64.4375
62.4375
60.9375
59.5625
58.0
56.5625
55.3125
54.25
53.375
52.625
51.9375
51.1875
50.5
49.8125
49.0625
48.375
47.75
47.375
47.625
50.25
58.1875
69.75
78.125
82.8125
86.375
89.75
93.375
96.4375
98.3125
99.0625
98.25
95.25
89.5625
81.6875
72.3125
63.875
62.1875
66.4375
67.1875
65.375
64.0625
62.4375
61.4375
60.0625
58.25
56.8125
55.8125
54.6875
53.625
52.75
52.125
51.5625
51.0
50.4375
49.9375
49.5625
49.0
48.375
47.75
47.0625
46.4375
45.875
45.5625
45.625
47.125
52.9375
63.9375
74.0625
81.625
87.5625
92.5
97.5625
102.375
106.1875
108.875
109.9375
108.375
104.1875
98.1875
90.1875
80.125
70.8125
68.3125
72.5
73.6875
71.125
69.0625
67.0
64.875
63.25
61.9375
60.5625
59.375
58.4375
57.5
56.625
55.875
55.1875
54.5
53.8125
53.0625
52.4375
51.8125
51.3125
50.9375
51.5625
56.125
66.625
77.5625
84.5625
90.0625
94.625
98.5625
102.4375
105.5
107.0
107.4375
106.375
102.6875
96.5
88.3125
78.375
70.125
69.5
73.3125
73.0625
70.375
68.625
66.4375
64.3125
63.0625
62.0
60.5625
59.3125
58.3125
57.3125
56.3125
55.5
54.6875
54.0
53.4375
52.875
52.25
51.625
51.0
50.3125
49.6875
49.125
48.5625
48.25
48.375
50.125
57.125
69.5625
79.9375
86.625
91.6875
95.9375
100.4375
104.625
107.4375
108.75
108.6875
106.625
101.8125
94.625
85.5625
75.0
66.3125
66.0
70.5
70.375
67.875
66.125
63.875
61.9375
60.875
59.6875
58.4375
57.25
56.0625
54.9375
53.9375
52.9375
52.125
51.375
50.6875
50.0
49.25
48.5625
47.8125
47.4375
47.5
49.3125
55.8125
67.1875
76.5625
81.5625
85.0625
88.5
92.125
95.25
97.3125
98.125
97.5625
95.375
91.0625
84.0625
74.75
65.5
62.25
65.9375
67.0
64.8125
63.6875
62.25
61.0
60.0625
58.8125
57.5
56.3125
55.1875
54.125
53.3125
52.625
52.0625
51.4375
50.875
50.25
49.6875
49.0625
48.4375
47.75
47.125
46.5
46.0
45.75
46.0
47.875
54.5625
66.0625
76.125
83.5
89.3125
94.1875
99.125
103.8125
107.4375
109.625
110.1875
108.1875
103.25
96.125
87.375
77.625
69.6875
68.9375
73.125
73.1875
70.6875
68.9375
66.75
64.5625
63.25
62.1875
61.0
59.8125
58.75
57.75
56.875
56.1875
55.4375
54.75
54.0
53.1875
52.4375
51.6875
51.125
50.8125
51.4375
55.625
65.875
77.25
84.625
90.125
94.75
98.875
102.875
106.0625
107.875
108.0625
106.8125
103.625
97.875
89.5625
79.4375
70.875
69.3125
73.0
73.375
70.875
68.9375
66.8125
64.6875
63.25
62.0625
60.6875
59.3125
58.1875
57.125
56.125
55.375
54.625
54.0
53.4375
52.8125
52.25
51.625
51.0
50.375
49.6875
49.125
48.625
48.25
48.125
48.875
53.625
65.125
77.125
85.0625
90.9375
95.5
99.6875
104.0
107.5625
109.625
109.875
108.25
104.25
97.3125
88.3125
78.3125
69.3125
66.8125
70.8125
71.625
68.875
67.0
64.9375
62.75
61.3125
60.0625
58.5
57.125
55.9375
55.0
54.25
53.375
52.4375
51.5625
50.8125
50.125
49.375
48.6875
47.9375
47.375
47.1875
48.0625
52.3125
62.4375
73.5
80.0
83.875
87.1875
90.8125
94.3125
96.8125
98.125
98.0625
96.4375
92.9375
86.9375
78.4375
68.75
62.25
63.625
67.0
66.1875
64.5
62.6875
60.875
60.0625
59.125
57.8125
56.75
55.6875
54.5625
53.5625
52.6875
51.9375
51.1875
50.6875
50.25
49.75
49.3125
48.75
48.1875
47.5625
46.9375
46.3125
45.75
45.625
46.125
48.875
57.125
68.625
77.5625
84.4375
90.0625
95.0
100.0625
104.6875
108.0625
109.75
109.1875
106.5
101.8125
94.6875
85.375
75.1875
68.3125
69.625
73.4375
72.5
70.4375
68.6875
66.3125
64.375
63.1875
62.0625
60.6875
59.5
58.375
57.3125
56.4375
55.6875
55.0
54.375
53.625
52.875
52.25
51.75
51.375
51.25
53.0625
60.125
72.0
81.25
87.375
92.5
96.625
100.75
104.875
107.625
108.4375
107.5625
105.125
100.5625
93.4375
84.125
74.25
69.1875
71.875
74.375
72.3125
70.125
68.4375
66.1875
64.5
63.25
61.875
60.4375
59.3125
58.25
57.1875
56.25
55.4375
54.75
54.1875
53.5625
53.0
52.375
51.75
51.125
50.4375
49.875
49.3125
48.8125
48.4375
48.625
51.0
59.4375
72.25
81.875
88.375
93.5625
98.0
102.4375
106.5
109.0625
109.9375
109.5
107.25
102.3125
94.8125
84.9375
74.125
67.1875
68.9375
72.75
71.0625
68.25
66.375
64.0625
62.1875
61.0
59.75
58.1875
56.9375
55.8125
54.9375
54.0625
53.0
52.125
51.375
50.6875
50.0
49.3125
48.6875
48.1875
48.0
48.6875
52.375
61.875
73.1875
80.1875
84.25
87.5625
90.9375
94.4375
97.25
98.6875
98.875
97.3125
93.75
87.9375
79.5
69.875
63.1875
64.5625
68.3125
67.25
65.125
63.125
61.5
61.0625
60.4375
59.9375
60.0625
61.875
67.75
74.625
77.5625
79.0625
80.5625
80.875
79.9375
77.625
73.8125
68.875
63.0625
57.25
55.0
57.9375
60.1875
58.875
57.625
56.6875
55.4375
54.75
54.3125
53.375
52.375
51.6875
51.0
50.3125
49.6875
49.125
48.625
48.1875
47.75
47.3125
46.9375
46.5625
46.0
45.5
45.0625
44.625
44.1875
43.8125
43.5
43.25
42.9375
42.6875
42.4375
42.375
42.25
42.125
42.0625
42.375
45.125
55.3125
71.1875
82.5625
89.1875
94.875
101.0625
107.625
113.3125
116.8125
117.125
114.4375
110.875
106.3125
99.125
89.4375
78.5
71.25
72.9375
77.0
75.625
73.0
71.3125
69.1875
67.1875
65.5625
64.0
62.375
60.9375
59.6875
58.6875
57.6875
56.8125
56.0625
55.375
54.75
54.125
53.4375
52.75
52.0625
51.375
50.8125
50.1875
49.625
49.125
48.625
48.125
47.625
47.1875
46.6875
46.1875
45.875
45.625
45.6875
47.375
54.875
67.875
78.375
85.1875
90.3125
94.5
99.25
103.8125
106.5
107.625
107.5
104.875
99.625
92.75
83.9375
73.5
65.625
66.0
70.0
69.1875
66.75
65.125
63.0625
61.375
60.25
59.0
57.5
56.25
55.125
54.125
53.1875
52.25
51.4375
50.625
49.875
49.3125
48.6875
47.9375
47.1875
46.625
46.3125
46.625
48.5625
55.125
66.3125
75.375
80.1875
83.3125
86.3125
89.5625
92.5
94.375
95.0
94.3125
91.6875
86.625
79.3125
70.3125
62.0625
60.125
63.5
64.0
62.9375
62.375
60.875
59.625
58.875
57.875
56.6875
55.6875
54.6875
53.625
52.625
51.9375
51.5625
51.6875
53.875
60.4375
70.0625
77.125
81.9375
86.0
89.25
92.4375
95.1875
96.9375
97.0
95.25
91.625
85.8125
78.125
69.5
63.6875
64.75
67.8125
67.375
65.75
64.125
61.9375
60.4375
59.5
58.25
57.0625
56.0
54.875
53.75
52.75
51.9375
51.3125
50.75
50.1875
49.8125
49.375
48.9375
48.4375
48.0
47.625
47.25
46.875
46.5
46.0625
45.6875
45.3125
44.875
44.5
44.0625
43.5625
43.25
43.25
44.4375
50.5625
63.6875
76.125
84.0625
90.4375
96.125
102.0625
108.0
112.5
114.375
113.8125
111.75
108.0625
102.625
94.9375
85.25
75.6875
71.5
74.6875
76.5
73.6875
71.3125
69.5
67.25
65.375
64.0
62.625
61.3125
60.125
59.0
58.0
57.0625
56.1875
55.4375
54.8125
54.1875
53.5
52.75
52.0
51.25
50.5
49.9375
49.5
49.375
50.125
54.5625
65.125
76.3125
83.625
89.3125
93.875
98.0625
102.0625
104.9375
106.25
106.4375
105.1875
101.625
95.3125
86.4375
75.75
66.4375
64.6875
69.1875
70.0
67.5
65.625
63.625
61.625
60.25
58.9375
57.5625
56.3125
55.1875
54.1875
53.4375
52.625
51.75
50.875
50.0625
49.3125
48.625
48.0
47.6875
47.875
50.0
57.1875
68.875
77.6875
82.5625
86.125
89.5
93.0625
96.25
98.25
98.8125
97.875
95.375
90.625
83.1875
73.75
64.8125
62.5
66.625
67.5
65.4375
63.875
62.25
61.0625
59.8125
58.125
56.875
55.9375
54.875
53.75
52.6875
51.875
51.25
50.6875
50.125
49.6875
49.3125
48.9375
48.5
48.0
47.5625
47.0
46.375
45.6875
45.1875
45.1875
46.0
49.875
59.5
70.625
79.0
85.625
90.8125
95.625
100.5625
105.0
108.375
110.0
109.0
105.4375
100.0
92.5625
83.125
73.25
67.6875
70.1875
73.25
71.5625
69.6875
68.0
65.625
63.8125
62.6875
61.5
60.1875
58.9375
57.875
56.875
56.0625
55.375
54.6875
54.0
53.3125
52.5625
51.9375
51.5
51.1875
51.75
55.625
65.625
76.9375
84.1875
89.75
94.25
98.125
102.1875
105.4375
107.0625
107.3125
106.1875
103.0
97.1875
88.625
78.4375
69.875
68.4375
72.5625
73.0625
70.5625
68.875
66.875
64.8125
63.5
62.3125
60.875
59.4375
58.375
57.375
56.4375
55.625
54.8125
54.125
53.5
52.9375
52.3125
51.6875
51.0
50.375
49.875
49.375
48.875
48.5
48.4375
49.5
55.125
67.0625
78.5625
86.1875
92.0625
96.8125
101.375
105.875
109.25
110.9375
111.125
109.4375
104.875
97.875
88.9375
78.5625
69.5
67.4375
71.5
71.9375
69.0625
67.125
65.0
62.875
61.4375
60.3125
58.9375
57.5
56.25
55.125
54.25
53.3125
52.5
51.8125
51.0625
50.3125
49.625
48.875
48.25
47.8125
47.9375
49.75
56.5
68.0625
77.4375
82.5
86.0625
89.4375
92.9375
96.1875
98.25
99.0
98.25
95.625
90.875
83.5625
74.3125
65.4375
62.625
66.375
67.5625
65.8125
64.625
63.0
61.5625
60.375
58.875
57.75
56.8125
55.5625
54.3125
53.25
52.3125
51.625
51.0
50.5
50.125
49.6875
49.25
48.75
48.25
47.625
47.0625
46.5625
46.3125
46.625
48.5625
55.25
66.1875
75.8125
83.1875
89.0
93.8125
98.625
103.0625
106.6875
109.1875
109.9375
108.375
103.9375
97.0
88.3125
78.625
70.5
69.625
73.4375
73.4375
71.1875
69.5625
67.3125
65.1875
63.75
62.375
60.875
59.625
58.5625
57.5
56.5625
55.75
54.9375
54.25
53.5625
52.9375
52.375
52.1875
52.375
54.5625
62.125
73.6875
82.4375
88.1875
93.0
97.25
101.25
104.625
106.6875
107.3125
106.5625
104.25
99.25
91.6875
82.1875
72.875
68.625
71.625
73.8125
71.75
69.6875
67.9375
65.875
64.375
63.3125
61.8125
60.25
59.0
57.8125
56.6875
55.8125
55.125
54.375
53.6875
53.125
52.625
52.0625
51.5
50.9375
50.3125
49.6875
49.125
48.625
48.25
47.8125
47.75
48.8125
54.1875
66.1875
78.1875
85.875
91.875
96.9375
102.0
106.875
110.4375
112.4375
112.75
111.0
106.9375
100.1875
91.125
80.5
70.75
67.75
71.75
72.9375
70.125
68.125
66.125
63.875
62.25
61.0
59.5625
58.1875
56.8125
55.5625
54.5625
53.75
52.9375
52.125
51.3125
50.5
49.75
49.125
48.375
47.875
47.625
48.1875
51.5
60.5
72.0
79.4375
83.875
87.4375
90.5625
93.9375
96.8125
98.4375
98.75
97.5625
94.4375
88.8125
80.8125
71.25
63.6875
63.6875
67.4375
66.875
65.0
63.6875
62.0
60.75
59.4375
58.0
56.9375
56.0
54.875
53.8125
52.8125
52.125
51.5
50.875
50.4375
50.0625
49.5625
49.125
48.625
48.0
47.3125
46.6875
46.125
46.125
46.875
50.5625
59.6875
70.5625
78.875
85.4375
90.75
95.5625
100.5
104.625
107.6875
109.5
108.5625
105.0625
100.0
92.75
83.3125
73.4375
67.9375
71.0
74.1875
72.1875
69.875
67.9375
65.5
63.6875
62.5
61.1875
59.875
58.6875
57.4375
56.4375
55.6875
54.9375
54.25
53.6875
53.0625
52.375
51.75
51.125
50.4375
49.8125
49.375
49.25
50.25
55.4375
66.75
77.6875
84.625
90.0625
94.75
99.3125
103.6875
106.875
108.5
108.9375
107.875
104.25
97.75
89.375
79.5
70.8125
69.25
73.375
73.6875
71.0
69.1875
67.3125
65.1875
63.75
62.4375
60.9375
59.5
58.375
57.375
56.5
55.75
55.0
54.3125
53.6875
52.9375
52.25
51.5625
50.9375
50.25
49.6875
49.3125
49.3125
50.625
56.8125
68.75
79.3125
86.1875
91.8125
96.4375
100.6875
104.6875
107.5
108.6875
108.375
106.5625
102.1875
94.9375
85.9375
75.75
67.1875
66.75
70.8125
70.375
67.625
65.875
63.875
62.0
60.75
59.375
57.875
56.5625
55.4375
54.4375
53.5625
52.75
51.875
51.125
50.4375
49.8125
49.1875
48.5
47.75
47.25
47.375
49.3125
56.1875
67.875
77.3125
82.5625
86.25
89.6875
93.25
96.4375
98.5
99.3125
98.625
96.3125
92.0
85.125
75.8125
66.375
62.625
66.0625
67.5
65.5625
64.3125
62.75
61.125
60.0625
58.75
57.625
56.5625
55.4375
54.3125
53.25
52.4375
51.75
51.1875
50.6875
50.1875
49.75
49.25
48.8125
48.375
47.75
47.125
46.5
46.125
46.1875
47.6875
53.3125
64.0625
74.25
81.875
87.875
92.75
97.75
102.5
106.125
108.5625
109.25
107.875
104.1875
98.0625
89.5625
79.625
70.625
68.3125
72.375
73.5625
71.25
69.4375
67.25
65.0
63.5
62.25
60.8125
59.5625
58.4375
57.25
56.25
55.4375
54.6875
54.0625
53.4375
52.8125
52.25
51.625
51.1875
50.9375
51.625
55.75
66.0625
77.3125
84.375
89.75
94.25
98.3125
102.5625
105.9375
107.8125
108.125
106.8125
103.5
97.6875
89.375
79.3125
70.6875
69.125
72.8125
73.125
70.75
69.125
67.25
65.25
63.75
62.5
61.0
59.6875
58.5625
57.5
56.5
55.625
54.875
54.125
53.5
52.9375
52.3125
51.6875
51.125
50.5
49.9375
49.375
48.8125
48.4375
48.375
49.6875
55.9375
68.3125
79.375
86.625
92.375
97.1875
101.875
106.25
109.125
110.4375
110.6875
108.875
104.375
97.125
87.9375
77.375
68.6875
68.125
72.5625
72.0625
69.0625
67.1875
65.0625
63.0625
61.75
60.5
58.9375
57.5625
56.4375
55.4375
54.5
53.4375
52.4375
51.625
50.9375
50.1875
49.5
48.875
48.25
47.625
46.9375
46.4375
46.25
46.8125
50.1875
59.5625
71.5625
79.25
83.625
87.1875
90.875
94.75
97.8125
99.75
100.5
99.5
96.4375
91.0
83.25
73.75
65.0
63.3125
67.4375
67.625
65.25
63.625
62.0625
61.25
60.5625
59.375
58.0625
56.875
55.8125
54.8125
53.875
53.125
52.625
52.0625
51.4375
50.8125
50.125
49.4375
48.875
48.5
48.625
50.1875
56.125
66.5
75.75
82.625
88.0
92.4375
96.9375
101.25
104.375
106.125
106.625
105.1875
100.6875
93.6875
85.0625
75.375
68.0625
68.3125
71.8125
71.3125
69.25
67.5
65.1875
63.25
62.125
60.8125
59.5
58.3125
57.1875
56.1875
55.25
54.5
53.75
53.25
52.6875
52.1875
51.625
51.0
50.3125
49.625
49.0
48.5
48.125
48.0
49.125
54.75
66.5625
77.8125
85.125
90.9375
95.875
100.6875
105.375
108.9375
110.9375
111.5
110.0
106.3125
100.0625
91.4375
81.1875
72.0
69.625
73.6875
74.75
72.1875
70.4375
68.5
66.25
64.5
63.0625
61.5625
60.1875
59.0625
58.0625
57.125
56.125
55.375
54.6875
54.0625
53.375
52.625
51.9375
51.25
50.625
50.0
49.5625
49.4375
50.3125
55.4375
66.75
77.875
85.0625
90.5625
94.8125
98.4375
102.375
105.375
106.6875
106.8125
105.1875
101.0
94.25
85.125
74.4375
65.6875
64.9375
70.1875
71.0
68.125
66.0625
63.9375
62.0
60.875
59.6875
58.125
56.6875
55.4375
54.375
53.4375
52.5
51.6875
51.0
50.375
49.75
49.0
48.3125
47.75
47.25
47.1875
48.25
53.0
63.625
74.625
81.0
85.0625
88.625
92.3125
95.8125
98.3125
99.625
99.75
98.1875
94.4375
88.375
80.0625
70.4375
63.5625
64.625
68.125
67.125
65.375
63.6875
61.8125
60.875
60.0625
58.875
57.75
56.625
55.5625
54.5625
53.625
52.75
52.0
51.3125
50.625
49.9375
49.3125
48.6875
48.0625
47.4375
46.9375
46.4375
46.25
46.375
47.6875
53.125
64.375
75.3125
82.875
88.8125
93.875
98.8125
103.375
107.0
109.375
109.75
107.9375
104.375
98.4375
89.9375
79.5625
69.9375
67.3125
71.75
73.25
70.9375
69.25
67.375
65.25
63.8125
62.6875
61.375
60.0625
58.875
57.6875
56.625
55.625
54.8125
54.0625
53.3125
52.5625
51.9375
51.25
50.5
49.8125
49.25
48.8125
48.875
50.625
57.5
69.6875
79.6875
86.1875
91.6875
96.3125
100.6875
104.75
107.375
108.375
108.1875
106.5625
102.4375
95.4375
86.125
76.0
69.1875
70.375
74.0625
72.875
70.25
68.4375
66.25
64.3125
63.0
61.6875
60.125
58.8125
57.8125
56.8125
55.75
54.875
54.125
53.625
53.4375
54.375
59.375
70.125
80.375
86.3125
90.9375
94.75
97.8125
100.9375
103.125
103.625
102.1875
98.875
93.375
85.75
76.4375
67.75
65.3125
68.9375
69.6875
66.875
64.75
62.8125
60.875
59.4375
58.3125
56.9375
55.5
54.375
53.3125
52.3125
51.5
50.75
50.0
49.375
48.875
48.375
47.75
47.125
46.5
45.9375
45.4375
44.875
44.3125
43.8125
43.25
42.75
42.375
41.9375
41.75
42.0625
44.25
52.0625
65.4375
76.5
82.625
86.5
90.625
95.875
100.8125
104.375
106.3125
105.875
103.0
98.0625
91.3125
82.875
73.4375
66.375
67.25
70.875
69.4375
67.25
65.5
63.4375
62.1875
61.375
60.25
58.9375
57.6875
56.5625
55.625
54.875
54.125
53.25
52.5
51.75
50.875
50.0625
49.3125
48.75
48.5625
49.3125
53.125
62.5
73.0
80.25
85.8125
90.4375
94.625
98.625
101.9375
104.0625
104.6875
103.5625
100.375
94.5625
86.125
76.25
68.0
66.625
70.4375
70.8125
68.375
66.5625
64.375
62.3125
61.125
60.0
58.75
57.6875
56.75
55.75
54.875
54.0625
53.25
52.5625
51.9375
51.4375
50.8125
50.1875
49.5
48.8125
48.1875
47.6875
47.1875
46.875
46.9375
48.5
55.375
68.0
78.75
85.75
91.5625
96.4375
101.125
105.75
109.25
111.125
111.0625
108.25
103.0625
96.1875
87.8125
78.25
70.1875
69.6875
73.9375
73.625
70.9375
69.25
67.0625
64.75
63.125
61.8125
60.4375
59.125
58.0625
57.0625
56.0
55.125
54.375
53.6875
53.0625
52.4375
51.6875
51.0
50.25
49.625
49.0625
48.5625
48.375
49.1875
53.75
64.5
76.0
83.375
89.125
93.875
97.9375
102.0
105.0
106.4375
106.875
105.5625
101.5
95.0
86.6875
76.6875
67.5
65.5
69.75
70.375
67.5
65.5625
63.6875
61.6875
60.3125
59.0625
57.625
56.25
55.0
54.0625
53.1875
52.375
51.625
50.8125
50.0625
49.375
48.6875
48.0625
47.3125
46.75
46.5625
47.1875
50.75
60.375
72.1875
79.75
84.1875
87.625
91.25
95.0625
98.0
99.75
100.3125
99.125
95.875
89.75
81.0
71.0
63.0
62.9375
67.4375
67.375
65.5
64.375
62.375
60.875
59.6875
58.5
57.375
56.375
55.375
54.625
54.0
54.25
57.3125
65.1875
74.6875
80.375
84.0
87.1875
89.875
92.25
93.75
93.875
92.4375
89.125
83.75
76.5625
68.5
62.4375
62.8125
66.3125
66.3125
64.6875
63.25
61.25
59.6875
58.9375
57.875
56.5625
55.5
54.375
53.25
52.25
51.4375
50.75
50.0625
49.5
48.9375
48.375
47.75
47.25
46.75
46.3125
45.9375
45.6875
45.375
45.0625
44.6875
44.4375
44.25
43.875
43.5
43.125
42.8125
42.5625
42.5
43.25
47.8125
60.0625
74.0625
82.875
89.1875
94.8125
100.6875
106.6875
111.75
114.25
113.125
110.4375
108.25
104.6875
97.25
86.5
75.75
70.1875
73.0
75.9375
73.625
71.125
69.4375
67.25
65.5
64.125
62.5
60.875
59.5625
58.375
57.25
56.3125
55.5
54.6875
53.9375
53.25
52.625
52.0
51.3125
50.625
49.9375
49.25
48.6875
48.25
48.0
48.375
51.625
61.1875
73.3125
81.4375
87.3125
92.3125
96.625
100.9375
104.625
106.9375
107.75
107.25
104.25
98.0625
89.25
79.0
69.3125
65.75
69.5
71.25
68.5
66.3125
64.375
62.125
60.5625
59.375
58.0625
56.6875
55.375
54.25
53.25
52.4375
51.625
50.875
50.3125
49.6875
49.0
48.375
47.75
47.0625
46.375
45.8125
45.4375
45.5625
47.375
54.0625
66.0
76.125
81.875
85.8125
89.5
93.375
96.9375
99.5625
101.1875
101.0625
98.375
93.375
86.25
77.4375
68.4375
63.25
65.8125
68.8125
66.8125
65.0625
63.5625
62.0625
61.1875
59.9375
58.3125
57.0625
55.9375
54.8125
53.8125
53.0
52.3125
51.6875
51.0625
50.4375
49.875
49.25
48.625
48.1875
48.125
48.75
52.125
60.875
71.5
79.3125
85.25
89.8125
94.0625
98.3125
101.8125
104.125
105.25
105.0625
102.5625
97.0625
88.625
78.6875
69.5625
66.3125
70.125
72.0625
69.75
67.6875
65.75
63.625
62.1875
60.875
59.5
58.1875
57.125
56.0
55.125
54.375
53.625
52.9375
52.3125
51.6875
51.125
50.5
50.0
49.5
49.1875
49.5625
52.4375
61.3125
73.625
82.625
88.875
93.875
98.1875
102.5
106.1875
108.375
109.25
108.8125
106.1875
100.875
93.1875
83.5625
73.625
68.75
71.875
74.5
72.4375
70.3125
68.4375
66.1875
64.625
63.3125
61.9375
61.9375
64.1875
69.4375
76.8125
81.125
82.5
83.875
84.625
84.0
82.3125
79.4375
74.9375
69.3125
63.0
58.1875
58.5625
62.125
62.625
60.6875
59.4375
58.25
56.9375
56.125
55.375
54.1875
53.0625
52.125
51.375
50.625
49.9375
49.25
48.625
47.875
46.9375
46.125
45.5
45.0
44.5
43.9375
43.375
42.6875
42.125
41.6875
41.25
40.875
40.5
40.0625
39.75
39.4375
39.0625
38.75
38.5625
38.5625
39.3125
43.625
56.25
72.3125
82.0
86.1875
90.0
95.25
101.25
106.0625
108.8125
108.5625
105.5625
101.25
95.125
86.375
75.5625
66.4375
66.125
71.4375
71.375
68.6875
67.0625
65.125
63.625
62.5625
61.0
59.4375
58.0625
56.9375
55.875
54.875
54.0625
53.1875
52.125
51.0625
50.4375
49.9375
49.375
48.6875
48.0
47.375
46.875
46.4375
46.0
45.6875
45.5
45.25
45.125
44.875
44.5
44.125
43.6875
43.1875
42.8125
42.625
43.3125
47.0625
56.6875
68.3125
77.0
83.375
88.4375
93.5
98.9375
103.6875
107.0
108.375
107.5
104.0625
98.25
90.625
81.25
71.75
67.0
69.875
72.9375
71.375
69.25
67.125
64.625
62.875
61.6875
60.4375
59.125
58.0
56.9375
55.9375
55.0
54.25
53.5625
52.875
52.3125
51.75
51.125
50.5
49.875
49.1875
48.5625
48.0625
47.6875
47.9375
50.8125
59.625
71.25
79.5
85.25
90.25
94.625
98.8125
102.6875
105.125
105.8125
105.4375
103.25
98.125
90.125
80.3125
70.6875
66.5625
70.125
72.6875
70.5625
68.3125
66.4375
64.1875
62.5625
61.4375
60.0625
58.625
57.5
56.5625
55.625
54.8125
54.0625
53.3125
52.75
52.125
51.5625
50.875
50.1875
49.5
48.875
48.375
48.0
48.0
49.5625
56.125
67.9375
78.0625
84.75
90.125
94.4375
98.625
102.5625
105.3125
106.625
106.3125
104.5
100.4375
93.25
83.625
73.4375
66.125
66.875
70.8125
69.8125
67.25
65.3125
63.0625
61.125
60.0
58.75
57.3125
55.875
54.75
53.75
52.8125
52.0
51.25
50.625
50.0
49.375
48.75
48.125
47.5
46.8125
46.1875
45.6875
45.5
46.375
50.625
60.8125
72.375
79.5625
83.6875
87.3125
91.0625
94.75
97.875
99.875
100.375
99.375
96.5
90.875
82.4375
72.4375
64.0
63.3125
67.75
68.0
66.0625
64.25
62.0625
60.75
59.9375
58.625
57.3125
56.25
55.1875
54.1875
53.3125
52.5
52.0
51.5625
51.0625
50.5
49.9375
49.375
48.75
48.125
47.5625
47.125
47.3125
48.9375
55.0625
65.75
75.3125
82.375
87.875
92.375
96.875
101.125
104.375
106.5625
107.1875
105.5625
101.625
94.9375
86.0
75.9375
67.75
67.1875
71.5
72.0
69.75
68.0
65.75
63.6875
62.375
61.25
60.0625
59.0
57.9375
56.8125
55.75
54.8125
54.0625
53.5
52.875
52.25
51.5625
50.9375
50.375
50.0625
50.1875
52.375
60.3125
72.4375
81.4375
87.3125
92.25
96.5625
100.875
104.875
107.375
108.3125
107.875
105.75
100.9375
93.5
84.1875
74.1875
68.3125
70.6875
73.9375
72.0
69.5625
68.0
65.9375
64.1875
62.875
61.5
60.0
58.75
57.6875
56.75
55.8125
54.9375
54.1875
53.5
52.9375
52.375
51.75
51.0625
50.4375
49.8125
49.125
48.625
48.3125
48.375
50.25
57.5625
70.0625
80.1875
87.0625
92.6875
97.3125
101.9375
106.3125
109.3125
110.75
110.625
108.3125
103.5
96.25
86.5625
75.625
67.625
68.0625
72.3125
71.375
68.5625
66.8125
64.6875
62.6875
61.375
60.0
58.5625
57.25
56.0
54.875
53.9375
53.125
52.3125
51.625
51.0
50.25
49.5
48.875
48.1875
47.8125
47.8125
49.5
55.9375
67.625
77.4375
82.9375
86.875
90.4375
94.1875
97.5625
99.625
100.6875
100.625
98.4375
93.5625
85.9375
76.5
67.0625
62.875
66.75
69.0625
66.9375
65.125
63.1875
61.6875
61.0625
59.6875
57.875
56.5625
55.75
54.8125
53.8125
52.8125
52.0
51.375
50.8125
50.375
49.9375
49.5
49.0625
48.625
48.0
47.4375
46.875
46.5625
46.75
48.1875
53.9375
64.625
74.75
82.0625
87.6875
92.5625
97.5625
102.125
105.875
108.5
109.5
108.6875
104.9375
98.0625
89.0625
79.1875
70.5625
68.375
72.0625
72.875
70.8125
69.25
67.1875
64.875
63.375
62.0625
60.5625
59.25
58.0
56.875
55.875
55.0
54.25
53.5
52.8125
52.1875
51.5625
51.0625
50.6875
50.5
51.25
55.4375
65.6875
76.875
84.125
89.5625
94.0625
98.125
102.125
105.25
107.0
107.4375
106.3125
103.0625
97.0625
88.625
78.8125
70.1875
68.625
72.6875
73.1875
70.625
68.8125
66.75
64.6875
63.25
62.0
60.625
59.3125
58.1875
57.0625
56.0625
55.125
54.3125
53.625
52.875
52.1875
51.5625
50.9375
50.25
49.75
49.5
49.625
51.25
58.0
70.25
80.8125
87.75
93.25
97.875
102.3125
106.6875
109.625
110.875
110.75
108.3125
103.125
95.6875
86.375
75.625
67.75
68.5625
72.6875
71.4375
68.6875
67.0
64.875
63.0
61.75
60.375
58.8125
57.4375
56.25
55.1875
54.1875
53.1875
52.375
51.5625
50.875
50.1875
49.75
49.5
49.6875
52.0625
60.0
72.0625
80.6875
85.3125
88.8125
92.25
95.9375
98.8125
100.5
101.0625
100.0625
96.9375
91.5625
83.75
74.0625
65.5
64.5
68.75
68.625
66.0625
64.375
62.625
61.625
60.875
59.5625
58.375
57.5
56.25
54.6875
53.375
52.5625
51.9375
51.25
50.625
50.0
49.5
49.375
50.0
52.375
59.375
70.625
79.75
85.875
90.6875
94.75
98.9375
102.6875
105.375
107.0
106.75
103.8125
98.625
91.375
82.0625
72.4375
67.625
70.4375
73.0625
71.5625
69.8125
67.6875
65.25
63.8125
62.75
61.5
60.1875
58.9375
57.625
56.5
55.5625
54.6875
53.8125
52.875
52.0625
51.3125
50.75
50.25
49.75
49.25
48.8125
48.375
48.0
47.5625
47.1875
46.75
46.3125
45.9375
45.5
45.3125
45.6875
48.8125
58.625
71.875
81.1875
87.75
93.5625
99.0
104.75
109.6875
112.75
114.375
114.0
111.0
105.6875
98.25
88.5625
77.875
71.0625
73.0625
77.0
75.125
72.3125
70.8125
68.75
66.75
65.3125
63.8125
62.25
60.9375
59.8125
58.6875
57.625
56.625
55.6875
54.875
54.1875
53.5
52.8125
52.125
51.625
51.3125
51.625
54.875
64.125
75.8125
83.4375
88.875
93.6875
97.625
101.375
104.75
106.6875
107.0
105.8125
102.75
97.3125
89.3125
79.25
69.875
67.4375
71.25
71.8125
68.875
66.8125
64.75
62.5625
61.0625
59.75
58.25
56.875
55.625
54.625
53.6875
52.75
51.9375
51.1875
50.5625
50.0
49.4375
48.8125
48.25
47.5625
46.875
46.1875
45.625
45.0625
44.6875
44.8125
46.8125
54.0625
66.625
77.0
82.9375
87.0
90.875
95.3125
99.375
102.1875
104.0
104.3125
102.125
97.25
90.0
80.6875
70.4375
64.0
66.625
70.375
68.75
66.8125
65.25
63.25
62.0
60.8125
59.625
58.3125
57.125
56.125
55.125
54.25
53.5625
53.0
52.4375
51.875
51.25
50.5
49.875
49.375
49.375
50.5625
55.4375
65.1875
74.625
81.375
86.75
91.125
95.3125
99.3125
102.25
104.1875
104.8125
103.3125
99.3125
92.9375
84.5
75.0
67.4375
67.0625
70.75
70.625
68.5625
67.0625
64.9375
63.0625
61.875
60.625
59.125
58.0
56.9375
55.875
54.875
54.125
53.375
52.8125
52.3125
51.8125
51.3125
50.75
50.1875
49.5
48.875
48.25
47.8125
47.5625
47.9375
51.3125
61.375
74.0
82.4375
88.625
93.8125
98.6875
103.5
107.5
110.0625
111.25
110.5
107.5
102.25
94.4375
84.4375
74.1875
69.1875
72.625
75.9375
73.75
71.125
68.9375
66.4375
64.5625
63.3125
62.0
60.75
59.625
58.6875
57.6875
56.8125
55.875
55.0
54.1875
53.3125
52.625
51.9375
51.375
50.9375
50.875
52.4375
59.25
71.125
80.75
86.75
91.8125
96.0
99.9375
103.625
106.0
106.8125
106.0
103.625
98.9375
91.5
82.0
72.0
66.3125
68.6875
71.4375
69.4375
67.25
65.4375
63.1875
61.5
60.3125
58.875
57.3125
56.0
54.9375
54.0
53.125
52.25
51.5
50.8125
50.125
49.5
48.875
48.25
47.625
47.0625
46.5
45.875
45.3125
44.875
44.9375
46.4375
52.4375
64.5
75.8125
82.25
86.3125
90.0625
94.5
98.8125
101.8125
103.625
104.125
102.3125
97.6875
90.9375
82.1875
72.125
64.5625
65.625
70.375
69.5625
67.0
65.1875
63.375
62.625
61.6875
60.25
58.9375
57.75
56.6875
55.6875
54.8125
54.0625
53.375
52.625
51.8125
51.0625
50.3125
49.625
49.125
48.9375
49.5
52.9375
61.875
72.5625
80.25
86.125
91.0
95.3125
99.5
102.9375
105.3125
106.3125
105.4375
102.0625
96.1875
88.25
78.5
69.5625
67.0
70.8125
71.9375
69.5625
67.75
65.75
63.75
62.625
61.6875
60.25
58.875
57.875
56.8125
55.8125
55.0
54.25
53.5625
52.9375
52.4375
51.875
51.25
50.5625
49.875
49.1875
48.5625
48.0
47.75
48.0625
50.875
59.8125
72.5
81.75
88.3125
93.8125
98.625
103.5625
107.875
110.625
111.875
111.375
108.9375
104.0625
96.3125
86.5625
76.25
70.125
72.1875
75.1875
73.4375
71.3125
69.625
67.25
65.1875
63.6875
62.3125
60.875
59.625
58.5
57.5
56.5
55.6875
54.9375
54.25
53.625
52.875
52.0625
51.25
50.375
49.3125
48.3125
47.6875
47.625
49.625
57.3125
69.625
79.1875
85.4375
90.1875
94.0
97.9375
101.6875
104.125
105.3125
105.125
102.625
97.5625
90.0
80.1875
70.0625
65.1875
68.875
71.625
68.9375
66.75
65.0
62.9375
61.9375
60.9375
59.5625
58.8125
58.875
59.8125
63.9375
71.5625
76.6875
78.5
80.375
81.6875
81.75
80.625
77.9375
73.625
67.9375
61.25
55.25
54.5625
58.9375
60.3125
58.6875
57.5625
56.5625
55.875
55.25
54.0
52.6875
51.8125
51.3125
51.125
52.4375
58.3125
69.6875
79.8125
85.5
89.5625
92.8125
96.25
99.5
101.375
101.5625
99.8125
95.6875
89.0625
80.125
70.375
65.0
67.25
69.875
68.5625
67.0625
65.5
63.3125
61.9375
61.125
60.0
58.8125
57.75
56.5625
55.5
54.5625
53.75
53.0
52.3125
51.625
51.0
50.375
49.625
48.9375
48.375
47.8125
47.3125
46.8125
46.4375
46.125
45.8125
45.5
45.1875
44.875
44.625
44.3125
44.0625
44.0625
44.375
45.625
52.0
66.0625
79.6875
87.625
93.5625
99.5625
105.75
111.625
115.8125
117.9375
117.5625
114.375
109.875
103.375
94.0625
83.0
74.0
73.3125
77.9375
77.625
74.1875
72.0
69.9375
67.75
66.1875
64.75
63.1875
61.75
60.4375
59.25
58.1875
57.3125
56.5
55.625
54.875
54.25
53.6875
53.25
53.125
54.6875
61.5625
74.0
83.75
88.9375
93.125
96.875
100.5
103.75
105.5625
105.5625
103.6875
99.9375
93.9375
85.5
75.4375
67.5
67.375
71.1875
70.3125
67.3125
65.375
63.4375
61.6875
60.5625
59.3125
57.75
56.375
55.25
54.1875
53.25
52.375
51.625
50.875
50.25
49.625
49.0
48.375
47.75
47.0625
46.4375
45.75
45.25
44.75
44.25
43.8125
43.375
42.9375
42.5625
42.1875
41.8125
41.5
41.25
41.0625
41.0625
41.9375
47.0625
59.75
72.875
79.8125
83.5625
87.3125
92.0625
97.3125
101.8125
104.6875
104.8125
101.9375
97.25
91.0
82.9375
73.5
65.375
64.6875
70.0
71.0625
69.0625
67.5
65.25
63.25
62.0625
60.9375
59.6875
58.3125
56.9375
55.625
54.5625
53.5625
52.6875
52.0
51.375
50.8125
50.25
49.625
49.1875
48.75
48.25
47.875
47.4375
47.0
46.5
46.0625
45.625
45.1875
44.9375
45.0625
46.0
50.75
61.5625
72.625
79.875
85.4375
90.1875
95.1875
100.375
104.5
106.9375
107.75
106.1875
102.6875
97.1875
89.0625
79.1875
70.375
68.4375
72.8125
73.625
70.875
69.125
67.0625
64.8125
63.3125
62.0625
60.625
59.25
58.125
57.125
56.125
55.3125
54.5625
53.75
53.0625
52.4375
51.875
51.3125
50.625
50.0
49.375
48.9375
48.875
49.6875
53.75
63.6875
74.625
82.0625
87.6875
92.25
96.25
100.25
103.5625
105.5
105.9375
105.0625
102.25
96.625
88.375
78.5
69.875
67.9375
71.9375
72.75
70.0625
68.125
66.0
63.5625
61.6875
60.125
58.5
57.0625
55.875
54.8125
53.6875
52.625
51.75
50.9375
50.3125
49.6875
49.0625
48.4375
47.8125
47.125
46.5625
46.1875
46.0625
47.0625
52.0
63.125
74.5625
81.3125
85.6875
89.0625
92.5
96.25
99.0
100.5
100.9375
99.6875
96.0625
90.0
81.5625
71.8125
64.25
64.75
69.0625
68.1875
65.8125
64.3125
62.5
61.4375
60.4375
58.9375
57.625
56.375
55.3125
54.3125
53.3125
52.625
51.8125
50.875
49.9375
49.375
48.9375
48.4375
48.125
48.1875
49.0625
52.375
60.9375
71.625
79.25
84.5
88.6875
92.6875
96.75
100.0
102.125
103.3125
102.9375
100.1875
94.4375
86.375
76.875
68.5
66.1875
69.625
70.5
68.625
67.3125
65.5
63.625
62.4375
61.3125
59.9375
58.625
57.4375
56.1875
55.1875
54.3125
53.375
52.5625
51.875
51.3125
50.75
50.0625
49.4375
48.8125
48.3125
47.875
47.5625
47.4375
48.0625
52.0
62.4375
74.6875
82.9375
88.9375
94.1875
99.0
103.75
107.375
109.5625
110.375
109.375
106.25
100.875
93.25
83.6875
73.8125
68.9375
71.9375
74.5625
72.4375
70.25
68.4375
66.3125
64.75
63.5
62.125
60.75
59.5625
58.4375
57.375
56.375
55.5
54.625
53.8125
53.0625
52.375
51.75
51.25
50.8125
50.8125
52.6875
60.125
72.25
81.75
87.75
92.75
97.125
101.25
105.0
107.3125
108.0625
107.4375
104.9375
99.8125
92.375
82.9375
72.8125
67.3125
69.75
72.25
70.125
67.75
65.8125
63.5
61.8125
60.625
59.1875
57.6875
56.375
55.25
54.3125
53.375
52.5625
51.8125
51.25
50.625
50.0
49.3125
48.625
48.0
47.25
46.625
46.0
45.5
45.3125
45.9375
49.6875
59.8125
72.5625
80.875
85.625
89.25
93.1875
97.4375
101.0625
103.375
104.25
103.4375
100.625
95.125
87.0625
76.9375
67.125
63.875
68.1875
69.8125
67.6875
66.1875
64.375
63.0
62.25
60.875
59.5625
58.375
57.0625
55.8125
54.75
53.9375
53.1875
52.625
52.0625
51.5
50.875
50.3125
49.8125
49.625
50.0
52.375
59.5625
70.0
78.3125
84.25
89.0
93.4375
97.8125
101.5
104.0625
105.5625
105.375
102.5625
97.25
90.0
80.9375
71.5625
67.1875
70.0625
72.5
70.875
69.125
67.125
64.8125
63.25
62.0625
60.625
59.375
58.25
57.0625
56.0
55.125
54.375
53.8125
53.3125
52.8125
52.3125
51.6875
51.125
50.5625
50.0625
49.5625
49.0625
48.75
48.8125
50.8125
58.75
71.625
81.625
88.25
93.75
98.75
103.5625
107.9375
111.0
112.6875
113.125
111.4375
106.5625
99.3125
90.3125
79.875
72.125
72.625
76.5625
75.8125
73.4375
71.6875
69.4375
67.5625
66.0625
64.5625
64.0625
65.25
68.5625
75.0625
80.1875
81.5625
82.5625
83.25
82.5625
80.8125
77.9375
73.875
68.5
62.4375
58.25
59.3125
62.6875
62.625
60.8125
59.75
58.5625
57.3125
56.625
55.6875
54.5625
53.5
52.5
51.5
51.5625
55.8125
67.625
80.0625
86.9375
91.3125
94.75
97.75
100.75
102.5
101.9375
99.5
95.0625
88.3125
79.25
69.625
64.5
67.75
70.9375
68.6875
66.25
64.5
62.4375
61.1875
60.25
58.8125
57.25
56.0
55.0
53.9375
52.875
52.125
51.5
50.9375
50.375
49.8125
49.1875
48.625
48.0
47.3125
46.6875
46.125
45.5625
45.0
44.5
44.0
43.5625
43.1875
42.75
42.3125
41.9375
41.6875
41.25
40.8125
40.6875
41.8125
47.8125
61.875
76.0625
83.25
86.625
90.5625
96.3125
102.5625
107.8125
111.0
110.4375
107.5625
103.875
98.125
89.625
79.375
70.625
69.75
74.0
74.0625
71.75
70.125
67.8125
65.625
64.125
62.6875
61.1875
59.9375
58.8125
57.75
56.8125
56.0
55.25
54.625
54.0
53.3125
52.75
52.0625
51.4375
50.75
50.0625
49.4375
48.9375
48.4375
47.8125
47.25
46.75
46.375
45.9375
45.5625
45.25
45.0
44.875
44.8125
44.875
46.25
53.0625
66.5625
78.125
85.0
90.625
95.8125
101.1875
106.1875
109.875
112.0625
112.3125
110.1875
105.125
98.125
89.6875
79.5
71.0625
70.875
75.5
75.25
72.3125
70.4375
68.4375
66.5625
65.1875
63.8125
62.3125
61.0
59.8125
58.6875
57.6875
56.8125
56.0625
55.375
54.625
53.9375
53.1875
52.5
51.75
51.0625
50.375
49.75
49.25
48.75
48.3125
48.0625
48.4375
51.0
59.0625
70.9375
79.9375
86.25
91.375
95.6875
99.9375
103.875
106.625
107.8125
107.0
104.125
99.1875
91.9375
82.375
72.0
66.125
68.6875
71.625
69.625
67.3125
65.375
63.0625
61.5
60.4375
59.25
58.25
57.375
56.875
57.4375
60.5625
68.0625
75.1875
77.9375
79.6875
81.3125
82.0625
81.9375
80.1875
76.75
71.75
65.5
58.375
53.6875
55.75
60.0625
60.0
58.4375
57.375
56.0625
55.375
54.8125
53.75
52.625
51.625
50.5625
49.5625
48.75
48.0
47.4375
46.875
46.3125
45.875
45.5
45.1875
44.625
43.9375
43.25
42.8125
42.5
42.1875
41.9375
41.8125
41.625
41.5625
41.4375
41.375
41.3125
41.3125
41.3125
41.5
42.1875
45.8125
55.6875
68.1875
77.625
84.5
89.75
95.3125
101.5
107.125
110.4375
111.125
109.75
106.3125
101.6875
95.125
85.4375
74.8125
69.0625
71.9375
75.0625
73.375
71.375
69.5
67.0625
65.25
63.875
62.5
61.125
59.8125
58.5
57.25
56.1875
55.25
54.5
53.875
53.3125
52.75
52.25
51.6875
51.125
50.5625
50.0625
49.5
48.875
48.375
48.0625
48.0
49.0625
54.6875
66.3125
77.3125
84.3125
89.8125
94.625
99.1875
103.75
107.1875
109.0
109.3125
108.0625
104.5625
98.3125
89.875
80.125
71.625
70.3125
74.125
74.0625
71.3125
69.625
67.8125
65.8125
64.3125
62.9375
61.375
60.0625
59.0
58.0
57.0625
56.3125
55.5625
54.8125
54.1875
53.5625
52.8125
52.125
51.4375
50.75
50.1875
49.8125
49.625
50.625
55.8125
66.9375
77.875
85.1875
90.75
95.0
98.875
102.75
105.8125
107.3125
107.1875
105.4375
101.5625
94.875
85.875
75.6875
67.1875
66.25
70.8125
71.0625
68.4375
66.5625
64.4375
62.5
61.375
60.125
58.5
57.125
56.0
55.0
54.1875
53.3125
52.4375
51.6875
51.0
50.375
49.6875
49.0
48.5
48.25
48.5625
51.0625
58.875
70.6875
79.25
83.875
87.3125
90.625
94.1875
97.125
99.0
99.625
98.875
96.4375
91.75
84.3125
74.625
65.6875
63.6875
67.625
68.1875
66.5
64.8125
62.625
61.4375
60.875
59.75
58.5
57.3125
56.1875
55.125
54.125
53.375
52.6875
52.125
51.625
51.125
50.625
50.0
49.5
48.875
48.1875
47.4375
46.8125
46.6875
47.0625
49.25
56.625
68.1875
77.875
84.9375
90.5
95.5
100.625
105.1875
108.3125
110.625
111.0625
108.875
104.6875
98.0625
88.9375
78.6875
70.75
70.8125
75.0
74.375
71.5
69.5625
67.3125
65.375
64.25
63.0
61.6875
60.5625
59.5625
58.5625
57.6875
56.8125
56.0
55.3125
54.625
54.0
53.625
53.5625
55.0625
61.375
73.0
82.625
88.375
93.25
97.4375
101.25
104.75
107.125
108.125
107.5625
105.3125
100.6875
93.5625
84.4375
74.625
69.3125
71.9375
74.6875
72.75
70.5625
68.75
66.5625
64.875
63.6875
62.1875
60.75
59.5625
58.5625
57.5
56.5
55.6875
55.0625
54.5
53.875
53.25
52.625
52.0
51.4375
50.875
50.3125
49.6875
49.125
48.5625
48.1875
48.0625
48.6875
53.0
64.25
77.1875
85.6875
92.0
97.25
102.0625
107.0
111.1875
113.4375
113.9375
113.0625
109.875
103.5
94.4375
83.75
73.5
68.875
72.5
74.9375
72.3125
69.9375
68.0
65.8125
64.0
62.5
60.9375
59.4375
58.1875
57.0625
56.125
55.25
54.3125
53.5
52.75
52.0
51.1875
50.5
49.75
49.25
49.125
50.0625
54.375
64.5625
75.5
81.875
86.0
89.6875
93.25
96.5
98.875
100.0625
99.875
98.25
94.6875
88.625
80.25
70.5625
64.0
65.75
69.1875
67.875
66.0625
64.5625
62.75
61.5
60.125
58.8125
57.75
56.625
55.5
54.5
53.6875
53.0
52.5
51.9375
51.4375
51.0
50.4375
49.875
49.25
48.625
47.875
47.125
46.5625
46.5
47.1875
50.625
59.8125
71.3125
80.0625
86.8125
92.25
97.4375
102.625
107.1875
110.4375
111.875
111.25
108.5
103.5
95.75
86.1875
76.125
69.6875
71.6875
75.3125
73.6875
71.5
69.875
67.5
65.4375
64.0
62.625
61.1875
60.125
59.0625
58.0625
57.125
56.3125
55.5
54.75
54.0625
53.375
52.625
52.0625
51.6875
52.0
54.8125
63.5625
75.375
83.4375
89.0625
94.0
98.4375
102.625
106.0625
108.0625
108.75
108.0
105.125
99.8125
92.25
82.5
72.9375
69.4375
73.3125
74.9375
72.25
70.0
67.9375
65.6875
64.1875
63.0
61.5625
60.0625
58.9375
57.875
56.9375
56.1875
55.4375
54.6875
54.0
53.375
52.6875
52.0
51.375
50.8125
50.1875
49.625
49.0625
48.5625
48.3125
48.8125
52.4375
62.6875
75.375
84.0
90.125
95.3125
100.0625
104.75
108.5625
111.0
112.125
111.1875
107.375
101.0
92.9375
83.25
73.25
68.125
71.375
74.0
71.375
68.75
66.8125
64.6875
63.0625
61.9375
60.5
58.9375
57.5625
56.375
55.4375
54.5
53.5
52.5625
51.875
51.125
50.375
49.6875
49.0625
48.5625
48.4375
49.3125
53.5
63.5
74.5625
81.0625
85.0
88.4375
92.0
95.5
98.125
99.5625
99.625
98.0625
94.1875
87.75
79.0
69.375
63.1875
65.125
68.5
67.1875
65.6875
64.0
62.0625
60.9375
59.875
58.75
57.5625
56.5625
55.5
54.5
53.6875
52.9375
52.375
51.875
51.3125
50.6875
50.0
49.375
48.75
48.0625
47.375
46.75
46.3125
46.1875
46.8125
50.125
59.125
70.75
79.625
86.5625
92.0
97.0
102.125
106.5
109.6875
111.375
110.75
107.875
102.625
94.8125
85.25
75.0625
68.8125
71.25
75.0625
73.5
71.1875
69.4375
67.125
65.25
63.8125
62.25
60.8125
59.6875
58.6875
57.75
56.875
56.0625
55.25
54.4375
53.625
52.875
52.1875
51.625
51.375
51.75
55.0
64.125
75.75
83.625
89.125
93.8125
98.0625
102.25
105.8125
107.6875
108.1875
107.25
104.1875
98.5625
90.75
81.125
71.875
69.125
73.0
74.1875
71.5
69.375
67.3125
65.125
63.6875
62.4375
60.9375
59.5625
58.5
57.4375
56.375
55.625
54.875
54.125
53.4375
52.875
52.25
51.625
50.9375
50.25
49.625
49.0
48.3125
47.8125
47.375
47.4375
50.6875
60.75
73.4375
82.0625
88.125
92.875
97.25
102.0
105.9375
108.3125
109.1875
108.3125
104.875
98.75
90.375
80.1875
70.1875
66.125
70.6875
73.3125
70.3125
67.9375
66.1875
64.1875
62.8125
61.5
59.8125
58.375
57.1875
56.1875
55.25
54.3125
53.3125
52.5
51.8125
51.1875
50.5
49.875
49.1875
48.6875
48.625
49.9375
54.9375
65.4375
75.625
81.3125
84.9375
88.4375
91.9375
95.0625
97.4375
98.6875
98.8125
97.0
93.0
86.625
78.25
68.875
62.875
64.875
68.3125
67.375
65.9375
64.375
62.375
61.3125
60.5
59.25
57.875
56.5625
55.375
54.1875
53.1875
52.375
51.5625
50.875
50.3125
49.75
49.125
48.625
48.1875
47.6875
47.25
46.8125
46.5625
46.625
47.5625
52.4375
63.5625
75.1875
82.9375
88.875
94.0
99.0
104.0
107.875
110.0625
110.9375
110.25
106.5625
99.9375
91.75
82.25
73.1875
70.125
73.8125
75.0
72.25
70.1875
68.3125
66.125
64.5625
63.25
61.75
60.25
59.0625
57.9375
56.9375
56.0
55.125
54.375
53.6875
53.0
52.25
51.5
50.8125
50.1875
49.625
49.3125
49.3125
50.8125
56.9375
68.75
79.25
85.9375
91.25
95.75
100.125
104.375
107.5625
109.1875
109.3125
107.4375
103.0625
96.25
87.375
77.3125
70.0
70.75
74.5625
73.25
70.3125
68.5
66.4375
64.5
63.25
61.9375
60.5
59.25
58.1875
57.0625
56.0625
55.0625
54.125
53.0
51.9375
50.9375
50.0625
49.3125
48.5625
47.8125
47.0625
46.5625
46.5
47.9375
54.375
66.8125
78.0625
85.0
89.625
93.3125
97.375
101.5
104.3125
105.6875
105.8125
103.875
99.0625
91.8125
82.625
72.5625
65.8125
67.5625
71.25
69.5
67.0625
65.375
63.5625
62.375
61.25
59.8125
58.5625
57.4375
56.4375
55.375
54.375
53.4375
52.6875
51.9375
51.1875
50.5
49.75
49.0
48.375
48.125
48.75
51.6875
60.125
71.4375
78.875
83.1875
87.1875
91.375
95.5
98.9375
101.3125
102.5
102.375
100.0
94.5625
86.5625
77.0
68.1875
65.375
68.8125
70.125
68.5
66.9375
64.5625
62.4375
61.4375
60.375
59.125
58.3125
57.625
57.0
58.0
63.375
73.5625
81.875
85.625
88.6875
91.3125
93.4375
95.0
94.9375
92.75
88.6875
83.0625
75.875
67.8125
62.4375
63.9375
68.0
67.375
64.9375
63.5
61.9375
60.4375
59.5
58.5
57.25
56.25
55.3125
54.25
53.3125
52.5625
51.875
51.25
50.6875
50.125
49.5625
48.9375
48.3125
47.75
47.25
46.75
46.25
45.875
45.5625
45.1875
44.875
44.5625
44.375
44.125
43.8125
43.4375
43.125
43.0625
43.3125
45.8125
55.625
71.0
82.3125
89.125
94.8125
100.5625
106.6875
112.125
115.75
117.375
116.375
112.5625
106.875
99.625
89.9375
78.875
72.0
74.0625
77.625
75.1875
71.875
69.8125
67.375
65.25
63.5625
62.0
60.4375
59.0
57.5625
56.3125
55.3125
54.5
53.75
52.9375
52.1875
51.5
50.875
50.25
49.625
49.0
48.375
47.75
47.0
46.375
45.75
45.125
44.6875
44.875
47.0625
54.5625
67.25
77.375
82.6875
86.1875
89.8125
94.0625
98.0625
100.8125
102.3125
102.4375
100.375
95.75
88.5625
79.0625
68.8125
63.3125
66.625
69.625
67.625
65.8125
64.125
62.625
61.6875
60.3125
58.875
57.8125
56.6875
55.625
54.75
53.9375
53.3125
52.75
52.125
51.5
50.875
50.25
49.625
49.125
49.0
49.75
53.375
62.1875
72.25
79.625
85.375
89.9375
94.1875
98.375
101.9375
104.375
105.25
104.125
100.625
95.125
87.25
77.4375
68.75
66.5
70.5
71.8125
69.8125
68.125
65.9375
63.6875
62.375
61.125
59.625
58.25
57.0625
56.0
55.0625
54.25
53.5
53.0
52.5
52.0
51.5625
51.0625
50.5625
49.9375
49.25
48.625
48.0625
47.5625
47.3125
47.6875
50.8125
60.4375
73.1875
81.9375
88.25
93.5625
98.5
103.625
107.8125
110.375
111.6875
111.1875
108.4375
103.3125
95.6875
86.1875
76.375
70.625
72.875
76.0625
74.0
71.375
69.625
67.5
65.6875
64.25
62.75
61.1875
59.8125
58.8125
57.875
56.9375
56.125
55.375
54.6875
54.0625
53.3125
52.5625
51.875
51.25
50.5625
50.0625
49.75
50.0
52.5625
61.0625
73.375
82.3125
88.4375
93.5625
97.8125
102.0
105.75
108.125
108.9375
108.125
105.125
99.6875
92.0
82.3125
72.375
67.375
70.375
72.9375
70.3125
67.8125
66.0
63.8125
62.25
61.0
59.5625
58.0625
56.875
55.8125
54.875
54.0625
53.25
52.5
51.8125
51.0625
50.375
49.6875
49.0625
48.375
47.625
47.0625
46.6875
46.8125
48.3125
54.375
66.3125
77.0625
83.0625
87.0
90.6875
94.75
98.4375
101.125
102.75
103.0
101.6875
97.625
90.375
80.8125
70.6875
64.6875
67.375
70.75
69.0625
67.0
64.9375
63.0
62.3125
61.5
60.125
58.875
57.8125
56.6875
55.5625
54.625
53.9375
53.5625
53.5
54.5625
58.75
67.75
76.8125
82.4375
86.75
90.375
93.75
97.0
99.125
99.9375
99.3125
96.9375
92.375
85.625
77.0
68.875
66.1875
69.125
70.1875
68.5
67.1875
65.5
63.5625
62.375
61.25
59.8125
58.5625
57.3125
56.1875
55.125
54.125
53.1875
52.5
51.9375
51.375
50.875
50.375
49.875
49.375
48.9375
48.5625
48.25
47.8125
47.375
46.875
46.4375
46.0
45.5
45.1875
45.125
46.1875
51.8125
64.5625
77.3125
85.375
91.875
97.5625
103.375
109.0625
113.375
115.875
116.875
115.625
111.75
105.6875
97.3125
87.0
76.875
72.375
75.875
78.0
75.0
72.4375
70.625
68.5
66.6875
65.25
63.75
62.1875
60.875
59.75
58.75
57.8125
56.9375
56.0625
55.3125
54.625
54.0
53.1875
52.375
51.625
50.875
50.125
49.375
49.1875
51.625
60.25
72.5625
81.3125
87.0
91.5625
95.4375
99.375
102.8125
104.9375
105.5625
105.0625
102.75
97.4375
89.3125
79.375
69.6875
66.125
70.5625
72.25
69.1875
67.1875
65.375
63.4375
62.375
61.0625
59.375
58.0
56.9375
56.125
55.1875
54.1875
53.25
52.5625
51.875
51.25
50.5625
49.9375
49.3125
48.625
47.9375
47.4375
47.1875
47.5
49.625
56.875
68.9375
78.375
83.625
87.5
91.375
95.5625
99.25
101.9375
103.6875
104.25
102.875
98.75
92.0
83.375
73.875
67.3125
68.375
71.6875
70.5
68.5
66.9375
64.6875
63.0625
61.9375
60.5625
59.25
58.0
56.75
55.75
54.8125
54.125
53.5
53.0
52.5625
52.0
51.375
50.8125
50.3125
49.75
49.25
49.0625
49.5
52.875
62.625
74.6875
82.875
88.8125
93.9375
98.5
103.0625
106.875
109.125
110.1875
109.5625
106.6875
101.4375
93.9375
84.25
74.25
69.875
73.3125
75.125
72.5
70.6875
69.25
67.125
65.3125
63.875
62.4375
60.9375
59.6875
58.5625
57.4375
56.5
55.6875
54.9375
54.25
53.6875
53.0625
52.3125
51.75
51.125
50.5625
50.125
49.9375
50.8125
55.5625
66.75
78.5
86.0
91.75
96.625
101.25
105.875
109.25
110.9375
111.625
110.875
107.25
100.8125
92.5
82.625
73.625
71.5
75.5
75.9375
72.875
70.8125
68.8125
66.4375
64.4375
62.5
60.8125
59.375
58.125
57.0
55.875
54.75
53.6875
52.75
52.0
51.3125
50.6875
50.0625
49.4375
48.6875
48.0
47.4375
47.125
47.375
49.75
58.0
71.0
80.6875
85.9375
89.875
93.6875
97.8125
101.5
103.9375
105.0
104.5625
102.125
97.0
89.125
79.0625
69.0625
64.9375
69.3125
71.5625
68.8125
67.0625
65.625
64.3125
63.375
61.9375
60.375
58.9375
57.75
56.5
55.3125
54.5
53.75
52.875
51.875
51.0625
50.5
50.0
49.4375
48.9375
48.5
48.1875
48.1875
49.0
52.3125
60.9375
72.0625
80.375
86.4375
91.1875
95.625
100.0
103.625
106.25
107.9375
108.0
105.625
100.1875
92.0625
82.5625
73.125
68.375
71.0625
73.625
72.25
70.5
68.5
66.25
64.875
63.6875
62.375
61.4375
60.625
60.0625
61.25
67.0
77.1875
84.0
86.5
89.0625
91.5625
93.4375
94.375
93.8125
91.1875
86.6875
80.5625
73.125
65.9375
63.375
67.125
69.375
67.25
65.1875
63.6875
62.0
60.6875
59.75
58.4375
57.125
56.125
55.0625
54.0625
53.1875
52.4375
51.8125
51.3125
50.8125
50.3125
49.8125
49.375
48.875
48.375
47.875
47.375
46.875
46.4375
46.125
45.75
45.3125
45.0
44.625
44.25
43.875
43.5
43.1875
43.0
43.375
46.625
57.75
73.625
84.25
90.8125
96.875
103.0625
109.375
114.875
118.3125
119.25
117.9375
114.625
109.4375
101.5625
91.4375
80.0625
72.3125
74.0
78.0625
76.0625
72.75
70.75
68.4375
66.1875
64.4375
62.875
61.3125
59.875
58.625
57.5
56.5
55.5625
54.75
53.9375
53.1875
52.4375
51.75
51.0
50.3125
49.625
48.875
48.125
47.4375
46.875
46.5
46.625
48.8125
56.3125
69.0
78.875
84.0625
87.75
91.5
95.625
99.1875
101.625
102.9375
102.8125
100.5625
95.3125
87.375
77.6875
68.1875
64.8125
69.1875
70.8125
68.1875
66.4375
64.8125
63.3125
62.25
60.75
59.5
58.5
57.375
56.25
55.0625
54.0
53.3125
52.8125
52.25
51.75
51.25
50.6875
50.0625
49.5
48.875
48.375
48.1875
48.5
50.6875
57.875
68.875
77.9375
84.8125
90.0
94.4375
99.1875
103.4375
106.5
108.3125
108.625
107.0
102.6875
95.4375
86.0
75.875
69.5
71.1875
74.5625
73.125
70.8125
68.9375
66.5625
64.6875
63.25
61.875
60.625
59.5
58.3125
57.25
56.375
55.625
55.0
54.3125
53.625
53.0
52.4375
51.8125
51.125
50.5
50.125
50.0
51.0
55.8125
66.8125
78.125
85.6875
91.4375
96.25
100.8125
105.25
108.5625
110.4375
110.9375
110.0
106.9375
101.0625
92.4375
82.0625
72.8125
70.75
75.0625
75.875
73.1875
71.25
69.0625
66.8125
65.1875
63.8125
62.1875
60.75
59.625
58.625
57.6875
56.6875
55.9375
55.1875
54.625
54.0
53.3125
52.625
51.9375
51.3125
50.625
50.125
49.8125
50.0625
52.8125
61.6875
73.8125
82.25
88.3125
93.25
97.1875
101.4375
105.375
107.6875
108.375
107.9375
105.4375
100.1875
92.3125
82.5625
72.3125
67.25
70.8125
73.5625
70.875
68.5625
66.875
64.875
63.5625
62.375
60.6875
59.0625
57.8125
56.6875
55.6875
54.6875
53.8125
53.0625
52.5
51.875
51.25
50.625
49.9375
49.25
48.625
48.0625
47.75
48.0625
50.1875
57.0625
68.9375
78.5625
83.75
87.4375
91.0625
95.125
98.6875
101.125
102.4375
102.5625
101.25
96.9375
89.75
80.3125
70.1875
64.625
67.25
70.125
68.625
67.1875
65.6875
63.875
62.8125
61.8125
60.5
59.25
58.0625
57.0
55.9375
55.0
54.1875
53.375
52.625
51.9375
51.375
50.75
50.0
49.3125
48.75
48.5
48.5
49.4375
53.875
64.4375
75.8125
83.5
89.5
94.5625
99.4375
104.3125
108.0625
110.25
111.125
110.25
107.0
100.8125
92.0625
81.875
72.6875
69.75
73.9375
75.3125
72.375
70.3125
68.625
66.6875
65.4375
64.1875
62.6875
61.25
60.1875
59.125
58.0
57.0625
56.1875
55.4375
54.75
54.0625
53.3125
52.5625
51.875
51.125
50.5625
50.25
50.25
51.375
56.9375
68.8125
80.1875
87.3125
93.125
98.25
103.0
107.375
110.5625
112.3125
112.8125
111.5
107.5
100.6875
91.75
81.3125
72.4375
71.25
75.5625
75.8125
73.25
71.5
69.375
67.1875
65.6875
64.25
62.625
61.25
60.125
59.0625
58.125
57.1875
56.375
55.6875
55.125
54.4375
53.6875
52.875
52.125
51.375
50.8125
50.4375
50.3125
51.25
56.5
68.25
79.875
87.3125
93.0
97.3125
101.375
105.8125
109.125
110.3125
109.9375
108.375
104.8125
98.25
89.0
78.3125
69.5
68.875
73.5
73.125
69.8125
67.875
65.8125
63.9375
62.75
61.5
60.0
58.625
57.5
56.5625
55.625
54.625
53.75
52.9375
52.1875
51.4375
50.75
50.0625
49.375
48.6875
48.0625
47.625
47.5625
48.3125
51.8125
61.1875
73.375
81.1875
85.375
88.875
92.6875
96.625
100.0625
102.25
102.9375
102.25
99.6875
94.375
86.125
76.0
67.3125
65.8125
69.9375
69.875
67.5625
66.125
64.25
62.875
62.0
60.6875
59.375
58.1875
57.125
56.1875
55.25
54.5
53.8125
53.125
52.5
51.875
51.375
50.75
50.0625
49.375
48.75
48.3125
48.3125
49.6875
55.1875
66.0625
76.25
83.5625
89.6875
94.8125
99.5
103.875
107.1875
109.4375
110.625
109.6875
105.875
99.3125
90.5625
80.4375
71.5625
70.125
74.0625
74.1875
71.5625
69.9375
67.8125
65.6875
64.375
63.25
61.9375
60.8125
59.8125
58.6875
57.6875
56.6875
55.9375
55.375
54.8125
54.25
53.625
53.0
52.3125
51.5625
50.875
50.375
50.4375
52.4375
60.1875
72.75
82.5625
89.0
94.4375
99.1875
103.9375
108.3125
111.0625
112.375
112.4375
110.75
106.5
99.375
90.125
79.8125
72.375
73.1875
76.8125
75.5
72.6875
70.9375
68.875
66.9375
65.5625
64.1875
62.5625
61.25
60.1875
59.0625
58.125
57.375
56.75
56.125
55.5
54.6875
53.9375
53.125
52.375
51.75
51.3125
50.9375
51.0625
53.0625
60.1875
72.1875
81.5
87.5
92.6875
97.25
101.375
105.1875
107.75
108.9375
108.6875
106.5
102.125
95.3125
85.75
75.0
67.875
69.75
73.8125
71.9375
69.0
66.9375
64.6875
63.1875
62.25
61.0
59.5
58.1875
57.0625
55.875
54.75
53.8125
53.125
52.5
51.8125
51.125
50.4375
49.75
49.0625
48.4375
47.875
47.5625
47.6875
48.9375
54.125
65.25
76.25
82.5
86.375
90.0625
94.0
97.8125
100.75
102.375
102.6875
101.5625
98.3125
92.25
83.75
73.625
65.6875
66.0
70.0625
69.4375
67.5625
66.125
64.0625
62.75
61.9375
60.6875
59.4375
58.375
57.1875
56.0
54.9375
53.9375
53.1875
52.5
51.9375
51.375
50.8125
50.0625
49.25
48.625
48.25
48.375
49.1875
52.5
61.625
73.5
81.9375
88.0
93.1875
98.25
103.375
107.25
109.4375
110.5625
110.25
107.375
102.0625
94.6875
85.0625
74.75
68.9375
71.75
75.125
73.4375
71.4375
69.6875
67.5
65.9375
64.8125
63.3125
61.8125
60.6875
59.5625
58.375
57.4375
56.625
55.875
55.1875
54.375
53.5625
52.8125
52.125
51.3125
50.6875
50.4375
50.4375
51.3125
56.0
67.0
78.875
86.5625
92.3125
97.375
102.0625
106.625
110.0625
111.75
112.1875
111.375
108.25
102.125
93.6875
83.625
74.125
71.375
75.3125
76.3125
73.125
70.8125
68.8125
66.8125
65.75
64.875
63.3125
61.6875
60.3125
59.0625
58.0
57.25
56.4375
55.5625
54.5625
53.125
51.75
50.75
49.75
49.125
49.1875
50.625
57.0625
69.375
80.0
86.25
90.8125
94.6875
98.5625
102.3125
104.375
105.125
104.75
102.4375
97.625
90.125
80.375
70.4375
65.625
69.125
71.6875
68.875
66.5625
65.0
63.4375
62.375
60.9375
59.125
57.6875
56.6875
55.75
54.75
53.875
53.0625
52.375
51.625
50.875
50.1875
49.5
48.6875
48.0
47.4375
47.0
46.625
46.0625
45.625
45.875
48.25
56.375
68.5
77.5625
82.625
86.8125
91.4375
96.1875
100.5
103.9375
106.0625
106.25
104.375
100.25
93.625
84.5625
74.5625
67.375
68.1875
71.5625
70.6875
69.125
67.625
65.25
63.5
62.3125
60.9375
59.6875
58.625
57.3125
56.25
55.5625
54.875
54.3125
53.6875
53.125
52.6875
52.1875
51.5625
50.6875
50.0
49.5
49.5
50.875
57.0625
69.1875
79.9375
86.375
91.3125
95.875
100.5625
104.9375
108.125
109.9375
110.375
108.8125
104.3125
97.5625
88.875
78.75
70.875
70.8125
74.9375
74.5625
71.625
69.625
67.4375
65.6875
64.6875
63.5
62.0
60.5625
59.3125
58.25
57.4375
56.625
55.875
55.1875
54.5
53.8125
53.1875
52.5
51.875
51.375
50.8125
50.375
50.5
52.75
60.9375
73.75
83.6875
90.1875
95.3125
99.8125
104.1875
108.0625
110.625
111.625
111.3125
108.875
103.5
95.375
85.125
74.4375
67.8125
69.8125
73.0625
71.0
68.125
66.3125
64.3125
62.8125
61.625
60.0625
58.375
57.0625
55.8125
54.75
53.75
52.9375
52.25
51.75
51.125
50.4375
49.625
48.9375
48.1875
47.4375
46.875
46.5
46.4375
48.1875
55.0625
67.1875
77.1875
82.4375
86.0625
89.75
93.9375
97.75
100.3125
101.25
100.875
99.3125
95.375
88.4375
79.4375
69.6875
63.75
66.1875
69.3125
67.6875
66.0
64.375
62.5
61.4375
60.375
59.125
57.875
56.5625
55.5
54.6875
53.9375
53.4375
53.0625
52.4375
51.5625
50.6875
49.9375
49.375
48.8125
48.3125
48.0
48.0625
48.9375
53.625
64.1875
74.875
82.25
88.1875
93.0625
97.875
102.5
106.0
108.3125
109.3125
108.625
104.9375
98.25
89.6875
80.0
71.1875
69.4375
74.0625
74.6875
71.5
69.375
67.4375
65.375
64.0
62.8125
61.375
60.125
59.125
58.0625
57.125
56.3125
55.5625
55.0
54.375
53.6875
53.0625
52.4375
51.875
51.375
50.875
50.5
50.8125
53.8125
63.125
75.4375
83.9375
89.8125
95.0
99.6875
104.375
108.375
110.8125
111.5625
111.0625
108.625
103.3125
95.375
85.5
75.625
70.75
73.3125
75.1875
72.9375
70.875
69.25
67.3125
65.625
64.1875
62.625
61.0
59.8125
58.875
58.0625
57.1875
56.3125
55.5625
54.8125
53.9375
52.9375
52.1875
51.1875
49.9375
48.75
47.8125
47.3125
48.0625
52.9375
64.375
76.4375
83.75
88.625
92.8125
97.0
101.0625
103.8125
105.125
105.3125
104.25
100.75
94.0
84.5
73.8125
65.875
66.75
71.375
69.9375
66.8125
65.25
63.625
62.25
61.1875
59.6875
58.0625
56.9375
56.0625
55.125
54.0
53.0625
52.5
52.0
51.375
50.6875
49.875
49.0625
48.375
47.6875
47.0625
46.6875
46.6875
47.9375
53.3125
64.4375
74.875
80.8125
84.5625
88.0
91.8125
95.9375
99.1875
101.125
101.875
100.875
97.375
91.25
83.0
73.6875
66.0
65.5
69.25
69.3125
67.75
66.5
64.25
62.375
61.0625
59.8125
58.6875
57.6875
56.4375
55.375
54.5
53.8125
53.1875
52.5625
51.9375
51.3125
50.75
50.3125
50.1875
50.3125
51.6875
57.5
69.0625
79.5
85.6875
90.9375
95.625
100.1875
104.625
107.75
109.1875
109.25
107.5
103.0625
96.3125
87.5
77.25
69.625
70.3125
74.625
73.875
71.0
69.0625
67.125
65.5
64.375
63.125
61.75
60.5
59.4375
58.25
57.0
56.0
55.5
55.125
54.5625
53.8125
53.125
52.375
51.5625
50.8125
50.375
49.9375
49.75
49.875
51.25
57.875
70.6875
81.9375
88.875
94.3125
99.125
103.9375
108.6875
112.125
113.8125
114.1875
112.75
108.375
101.1875
92.125
81.5
72.375
70.9375
74.75
74.5625
71.4375
69.1875
66.8125
64.3125
62.5625
61.1875
59.8125
58.5625
57.375
56.125
55.0
54.125
53.25
52.3125
51.5625
51.0
50.5
50.0
49.25
48.5
47.875
47.375
47.1875
48.8125
55.6875
68.25
78.5
84.0
87.6875
91.1875
94.875
98.3125
100.8125
102.0
101.875
100.1875
95.875
88.4375
78.6875
68.625
64.0
67.875
70.625
68.8125
67.125
65.125
63.25
62.25
61.125
60.0625
59.0625
57.5625
55.75
54.4375
53.6875
53.125
52.5625
52.0
51.625
51.25
50.75
50.1875
49.75
49.25
48.8125
48.875
50.25
55.9375
66.75
76.5625
83.3125
88.875
93.9375
98.8125
103.0625
106.4375
108.6875
109.625
108.375
104.75
98.5
89.75
79.75
71.1875
70.0
74.0
74.0625
71.25
69.3125
67.3125
65.375
64.1875
63.125
61.8125
60.5
59.25
58.1875
57.25
56.375
55.625
54.9375
54.4375
54.0
53.375
52.625
51.875
51.375
50.875
50.8125
51.5625
55.4375
66.0
78.25
86.0625
91.6875
96.75
101.5
106.0625
109.625
111.4375
112.0625
111.1875
107.9375
102.5625
94.6875
84.4375
74.75
71.625
75.625
77.0
74.1875
72.0
69.9375
67.75
66.4375
65.5
63.9375
62.25
60.9375
59.9375
58.9375
57.9375
57.0625
56.3125
55.6875
55.0
54.4375
53.875
53.1875
52.375
51.6875
51.25
51.3125
53.0625
60.0625
72.6875
83.1875
89.6875
95.0
99.6875
104.5
109.25
112.25
113.3125
113.0
110.8125
105.875
98.375
88.5
77.5
69.75
70.6875
74.625
73.1875
70.0625
68.0
65.875
64.125
62.8125
61.4375
59.875
58.5
57.5
56.375
55.3125
54.1875
53.1875
52.5
52.25
52.0
52.25
54.6875
62.5625
74.0625
81.6875
85.75
89.0625
92.3125
95.625
98.125
99.3125
99.3125
97.8125
94.25
88.4375
80.0625
70.4375
64.125
66.0
69.25
67.8125
65.9375
64.25
62.5
61.75
60.875
59.6875
58.5
57.375
55.875
54.375
53.1875
52.625
52.25
51.625
50.6875
49.875
49.1875
48.6875
48.3125
48.0
47.8125
47.5
46.9375
46.375
45.8125
45.4375
45.3125
45.625
46.9375
51.8125
62.625
74.1875
82.4375
88.5
93.5625
99.1875
104.75
109.5
113.0
113.875
111.5
107.25
101.9375
94.9375
85.75
76.0
71.0
74.25
77.25
75.25
72.75
70.4375
67.8125
66.125
65.0625
63.6875
62.3125
61.0625
59.8125
58.4375
57.1875
56.3125
55.625
55.25
54.875
54.3125
53.6875
52.8125
52.0
51.1875
50.6875
51.0
53.25
61.1875
73.75
83.3125
88.9375
93.625
98.3125
102.8125
107.0
110.1875
111.6875
111.3125
108.8125
103.75
96.25
87.0
77.0625
71.0
73.125
76.3125
74.1875
71.375
69.5
67.5
65.9375
64.8125
63.5
62.0
60.75
59.5625
58.3125
57.1875
56.5
56.0625
55.4375
54.875
54.25
53.4375
52.625
51.9375
51.375
51.0
50.875
51.5625
56.375
67.875
80.1875
88.0625
93.75
98.875
103.5
107.875
111.1875
113.0
113.5625
112.5625
108.6875
101.6875
92.625
82.0
72.0
69.125
73.375
74.3125
71.1875
68.875
66.8125
64.8125
63.5
62.25
60.625
59.0625
57.6875
56.4375
55.3125
54.25
53.375
52.75
52.1875
51.625
51.0
50.375
49.5625
48.8125
48.0625
47.5625
47.5
48.625
54.0
65.5
76.625
83.125
87.5625
91.375
95.4375
99.125
101.75
103.125
103.1875
101.5625
97.75
91.5
83.125
73.125
65.625
66.625
70.3125
69.25
67.1875
65.5625
63.875
62.6875
61.3125
59.9375
58.8125
57.5625
56.1875
55.0
54.1875
53.625
52.9375
52.1875
51.5625
50.9375
50.3125
50.0
49.75
49.375
49.0625
49.125
50.4375
55.875
66.5625
76.6875
84.0
89.625
94.0
98.375
102.625
106.125
108.75
109.6875
107.8125
103.5625
97.25
88.6875
79.1875
71.6875
70.8125
74.125
73.8125
71.625
70.1875
68.3125
66.3125
64.875
63.3125
61.9375
60.875
59.8125
58.5625
57.5
56.75
55.9375
55.1875
54.625
54.0625
53.4375
52.625
51.875
51.3125
50.9375
50.875
52.0625
57.75
69.75
81.0625
88.0625
93.5
98.5625
103.375
107.6875
110.875
112.625
113.1875
112.25
108.5
101.875
93.25
82.875
73.8125
72.125
76.5
76.8125
73.8125
71.875
69.8125
67.5625
66.0625
64.75
63.25
61.875
60.75
59.5
58.375
57.5
56.875
56.1875
55.375
54.5
53.8125
53.25
52.6875
52.1875
51.5625
51.1875
51.4375
54.3125
63.875
76.6875
85.5625
91.3125
95.9375
100.0625
104.3125
107.75
109.5625
110.125
109.5625
107.25
101.625
92.875
82.5
72.4375
67.875
71.5625
74.125
71.5625
69.0625
67.0625
64.75
63.0
61.625
60.125
58.75
57.75
56.8125
55.875
54.8125
53.8125
52.8125
51.9375
51.1875
50.5625
50.0
49.375
48.8125
48.1875
47.6875
47.6875
48.625
52.875
63.3125
74.9375
81.8125
86.125
90.125
94.0
97.625
100.5625
102.3125
102.9375
102.125
99.125
93.125
84.4375
74.625
66.5625
65.8125
69.5
69.125
67.5
66.25
64.375
63.25
62.3125
61.0
59.5625
58.1875
56.8125
55.75
54.8125
54.0625
53.3125
52.5625
51.8125
51.25
50.75
50.25
49.6875
49.125
48.75
48.75
49.5625
53.9375
64.125
75.25
83.1875
89.1875
94.1875
99.25
104.0
107.625
109.6875
110.375
109.75
106.5
100.1875
91.8125
81.875
72.375
69.375
73.4375
74.625
71.9375
70.0
68.125
66.25
65.1875
64.1875
62.8125
61.5625
60.375
59.0
57.875
57.125
56.625
56.125
55.5
54.6875
53.875
53.0625
52.375
51.875
51.625
51.6875
52.6875
57.625
68.875
80.375
87.9375
93.8125
98.9375
103.75
108.3125
111.5625
113.0625
113.25
112.1875
108.875
102.625
93.6875
83.125
74.1875
72.75
76.875
76.6875
73.5
71.5
69.5
67.625
66.3125
65.0625
63.375
61.9375
61.0
60.0
59.0
58.0625
57.1875
56.4375
55.625
55.0
54.375
53.75
52.875
52.0625
51.5625
51.375
52.0
56.0625
66.25
77.75
85.5625
91.5
96.125
100.0625
103.875
107.0625
109.0
109.5625
108.5625
105.5
99.5625
90.5
79.8125
70.25
67.875
72.75
73.5625
69.875
67.625
65.875
64.25
63.3125
62.1875
60.5625
58.9375
57.625
56.5625
55.375
54.375
53.4375
52.75
52.0
51.25
50.5625
50.1875
50.125
50.875
54.4375
64.125
75.75
82.6875
86.5625
90.1875
93.9375
97.4375
100.0625
101.4375
101.5625
99.8125
95.875
89.375
80.75
71.4375
65.1875
67.0
70.1875
68.625
66.75
65.125
63.3125
62.25
61.4375
60.375
59.1875
58.0
56.75
55.625
54.6875
53.875
53.1875
52.5625
51.875
51.3125
51.0625
51.4375
53.6875
60.875
72.3125
81.3125
87.5
92.8125
97.6875
102.625
106.9375
109.6875
111.0
110.625
107.6875
101.9375
94.0
84.625
74.9375
69.9375
73.0
75.6875
73.3125
71.0
69.25
67.0
65.375
64.3125
62.9375
61.5625
60.4375
59.125
57.875
56.9375
56.0625
55.25
54.5625
54.0
53.5
53.125
52.625
52.0
51.375
50.75
50.1875
49.625
49.0625
48.375
47.6875
47.4375
47.5625
48.6875
54.125
66.8125
79.8125
88.125
94.375
99.9375
105.375
110.875
115.0
117.4375
118.4375
117.0625
113.0625
106.875
98.375
88.0
78.0
74.3125
78.0625
79.375
76.375
73.9375
71.75
69.4375
67.8125
66.5625
65.0625
63.5
62.25
61.125
60.0
59.0625
58.1875
57.4375
56.6875
56.125
55.5
54.6875
53.8125
53.0
52.25
51.75
51.75
53.4375
60.3125
72.8125
83.5
90.1875
95.125
99.3125
103.125
106.375
108.875
110.1875
109.9375
107.375
102.25
94.875
85.3125
74.5625
67.5
69.6875
74.0625
72.4375
69.3125
67.3125
65.1875
63.375
62.125
60.625
59.0625
57.75
56.8125
55.9375
54.9375
53.875
52.9375
52.25
51.6875
51.0625
50.4375
49.75
48.9375
48.1875
47.5625
47.1875
47.375
49.5625
57.25
69.9375
79.75
85.25
89.1875
93.1875
97.25
100.6875
103.125
104.375
104.125
102.1875
97.625
90.0
80.125
70.0
65.4375
68.8125
70.5625
68.25
66.75
65.1875
63.625
62.75
61.5
60.0
58.6875
57.5
56.5
55.75
55.0
54.3125
53.5625
52.8125
52.125
51.4375
50.75
50.1875
50.0
50.4375
53.1875
61.375
72.625
80.875
86.875
91.9375
96.625
101.125
104.875
107.625
109.125
108.75
105.5
99.1875
91.0625
81.5
72.125
68.625
72.375
74.3125
72.375
70.5
68.375
66.0
64.4375
63.25
61.9375
60.625
59.4375
58.375
57.375
56.5
55.875
55.4375
54.9375
54.25
53.375
52.625
52.0625
51.5625
51.0625
50.375
49.875
49.5
50.4375
56.0625
68.5
80.75
88.4375
94.3125
99.4375
104.25
108.9375
112.3125
114.25
114.9375
114.0
110.5
104.1875
95.25
84.375
74.9375
72.8125
76.875
77.375
74.3125
72.25
70.25
68.0625
66.5
65.125
63.6875
62.75
62.25
62.5
65.6875
74.0
83.0625
87.3125
89.75
92.25
93.9375
94.875
94.6875
92.125
87.5625
81.4375
74.0
66.625
63.4375
66.6875
69.5
67.9375
65.6875
64.0625
62.125
60.3125
58.875
57.375
55.8125
54.4375
53.4375
52.5625
51.4375
50.25
49.375
48.75
48.375
48.0
47.625
47.0625
46.5625
45.9375
45.125
44.375
43.875
43.375
43.125
42.8125
42.5625
42.25
41.75
41.1875
40.8125
40.6875
42.125
49.8125
65.375
78.9375
85.375
89.125
93.75
99.6875
105.4375
109.6875
112.0
111.6875
108.5
103.4375
96.3125
87.0625
76.5625
68.9375
70.125
74.1875
72.5
69.8125
68.0625
66.1875
65.3125
64.1875
62.25
60.5
59.3125
58.25
57.0
55.9375
55.0
54.25
53.4375
52.6875
52.1875
51.6875
51.125
50.625
50.125
49.5625
49.0
48.375
47.8125
47.375
47.1875
47.625
50.4375
58.875
70.6875
79.8125
86.25
91.3125
96.0625
101.125
105.6875
109.1875
111.1875
110.625
107.5
102.1875
94.4375
84.4375
74.1875
68.75
71.5625
74.6875
73.0
70.9375
69.125
66.8125
65.0625
63.8125
62.4375
61.0625
59.8125
58.625
57.4375
56.375
55.5625
55.0
54.5
53.9375
53.3125
52.5625
51.9375
51.25
50.6875
50.3125
50.3125
51.8125
58.25
70.5
81.1875
87.9375
93.25
97.875
102.4375
106.9375
110.0625
111.5
111.375
109.25
104.75
97.8125
88.875
78.8125
71.375
71.875
75.75
74.625
71.625
69.6875
67.6875
65.9375
64.75
63.375
61.75
60.4375
59.25
58.0
57.0625
56.3125
55.6875
55.0625
54.4375
53.75
53.0
52.25
51.5
50.9375
50.5625
50.375
51.375
56.75
68.625
80.25
87.75
93.3125
97.8125
102.1875
106.625
109.8125
111.0
110.5625
108.8125
104.6875
97.6875
88.375
77.625
68.9375
68.3125
72.5
72.0625
69.0625
67.125
65.125
63.1875
61.9375
60.6875
59.25
57.9375
56.75
55.625
54.625
53.625
52.6875
51.9375
51.3125
50.625
50.0
49.375
48.6875
47.9375
47.3125
46.9375
47.0
48.9375
56.125
68.75
79.0
84.5625
88.375
92.1875
96.3125
100.0625
102.5
103.75
103.4375
100.9375
95.75
88.125
78.625
69.125
64.9375
68.4375
70.25
68.4375
66.75
64.5
62.6875
61.75
60.5625
59.25
58.0
56.875
55.6875
54.625
53.8125
53.125
52.625
52.125
51.625
51.125
50.5625
49.9375
49.3125
48.6875
48.3125
48.625
51.0625
58.6875
70.0
79.125
85.75
90.9375
95.5625
100.375
104.625
107.75
109.5625
109.0
106.0
100.75
93.5625
84.4375
74.5
68.8125
71.4375
74.3125
72.1875
70.0625
68.4375
66.1875
64.4375
63.1875
61.8125
60.5
59.4375
58.3125
57.1875
56.25
55.375
54.5625
53.9375
53.375
52.75
52.125
51.375
50.75
50.3125
50.1875
50.4375
53.0
61.5
74.125
83.5
89.9375
95.25
99.875
104.6875
108.875
111.375
112.25
111.75
109.375
104.25
96.5
86.6875
76.375
70.8125
73.5625
76.25
73.8125
71.1875
69.375
67.25
65.625
64.4375
63.0625
61.5625
60.375
59.25
58.1875
57.125
56.375
55.6875
55.0
54.375
53.6875
52.9375
52.125
51.4375
50.875
50.5
50.4375
51.5625
57.5
69.6875
81.0625
88.3125
94.0625
98.9375
103.5625
107.875
110.75
112.1875
112.4375
111.0625
106.75
99.3125
89.875
79.0625
70.375
70.0625
74.3125
73.5
70.375
68.3125
66.125
64.0625
62.75
61.4375
59.875
58.4375
57.1875
56.0625
55.0625
54.1875
53.3125
52.5625
51.8125
51.0625
50.375
49.8125
49.125
48.375
47.75
47.375
47.5
49.625
57.1875
69.8125
79.75
85.1875
89.1875
93.3125
97.6875
101.5
103.875
104.75
104.25
101.8125
96.6875
88.875
79.125
69.1875
65.1875
69.125
71.1875
69.0625
67.3125
65.25
63.875
62.875
61.25
59.5625
58.4375
57.375
56.25
55.1875
54.3125
53.5625
52.9375
52.375
51.8125
51.1875
50.625
50.0
49.5
49.0
48.75
49.1875
51.5625
59.0
70.375
79.5625
86.3125
91.5625
96.0625
100.75
104.8125
107.875
109.9375
109.875
107.0625
101.5625
93.75
84.3125
74.6875
69.0
71.4375
74.5
72.625
70.5
68.875
66.625
64.8125
63.5
61.9375
60.4375
59.1875
57.9375
56.8125
55.8125
55.0
54.375
53.8125
53.25
52.625
52.0
51.3125
50.6875
50.25
49.9375
50.0
51.5625
58.5625
71.125
81.6875
88.5
94.125
98.8125
103.25
107.625
110.875
112.25
111.75
109.4375
104.9375
97.75
88.6875
78.5
70.9375
71.6875
75.4375
74.375
71.9375
70.1875
67.875
66.0
64.75
63.1875
61.5625
60.25
59.125
58.0625
57.0
56.1875
55.375
54.6875
54.0625
53.3125
52.625
51.875
51.1875
50.625
50.125
50.0
50.5
54.1875
64.6875
77.3125
85.625
91.5625
96.4375
100.75
105.1875
108.5625
110.1875
110.4375
109.0625
105.6875
99.5
90.75
80.1875
70.25
67.625
72.25
73.625
70.5625
68.25
66.0625
63.9375
62.5625
61.3125
59.8125
58.3125
57.125
56.0625
55.0625
54.125
53.3125
52.5625
51.8125
51.0625
50.4375
49.75
49.125
48.4375
47.8125
47.375
47.3125
48.5625
53.875
65.4375
76.9375
83.375
87.4375
91.1875
95.25
99.0
101.75
103.375
103.5625
101.875
98.125
91.75
82.9375
72.8125
65.875
67.3125
70.5625
69.125
67.0
65.0625
63.25
62.3125
61.25
59.8125
58.625
57.5625
56.5625
55.5625
54.6875
53.9375
53.375
52.75
52.125
51.375
50.75
50.0625
49.3125
48.625
48.1875
48.1875
49.25
54.1875
64.8125
75.6875
83.5
89.5625
94.375
99.125
103.6875
107.3125
109.5
109.9375
108.5
104.9375
98.5
89.5
79.1875
70.5625
69.3125
73.5
73.6875
71.0
69.0625
66.875
64.875
63.625
62.3125
60.8125
59.5625
58.4375
57.3125
56.3125
55.5
54.8125
54.1875
53.625
53.0
52.375
51.6875
50.9375
50.3125
49.75
49.5
50.0
53.75
64.25
76.875
85.0625
91.0
96.125
100.8125
105.5
109.0625
111.0625
111.875
111.0625
107.5625
101.4375
93.0625
83.125
73.5625
70.5
74.75
76.125
73.25
71.0625
68.9375
66.6875
65.25
63.875
62.375
61.4375
61.625
64.0
70.5
79.5
84.75
87.0
89.25
90.75
91.3125
90.6875
88.125
83.5625
77.625
70.4375
63.4375
60.8125
64.1875
66.75
65.0625
63.0
61.625
60.125
58.9375
58.0625
56.9375
55.6875
54.5625
53.6875
52.75
51.875
50.9375
49.9375
49.0625
48.25
47.5625
46.875
46.25
45.625
45.0625
44.4375
43.875
43.3125
42.8125
42.5
42.1875
41.8125
41.375
40.9375
40.625
40.375
40.0
39.6875
39.5
39.5
40.8125
48.0625
63.5
77.4375
84.3125
88.125
92.75
98.8125
105.125
109.5625
111.25
110.3125
106.75
101.5
94.6875
85.8125
75.25
67.5
69.5625
74.125
72.125
69.25
67.3125
65.375
64.125
63.0625
61.4375
59.8125
58.5
57.4375
56.5
55.25
53.875
52.9375
52.4375
51.8125
51.1875
50.6875
50.1875
49.6875
49.25
48.75
48.375
47.9375
47.375
46.75
46.1875
45.6875
45.5625
46.0625
49.125
57.875
69.4375
78.4375
85.0
89.875
94.5625
99.5625
103.75
106.625
108.5625
108.8125
106.5
101.1875
93.25
83.4375
73.25
67.5
70.0
73.125
71.3125
69.0625
67.0625
64.625
62.875
61.75
60.5
59.125
57.875
56.6875
55.6875
54.75
53.9375
53.3125
52.75
52.125
51.5
50.875
50.25
49.625
49.0
48.375
48.0625
48.125
50.1875
57.9375
70.3125
79.8125
86.1875
91.375
95.6875
100.0625
104.25
107.0
108.375
108.25
106.0
101.0
93.5
83.875
73.625
67.625
70.0625
73.5
71.5
68.75
67.125
65.0625
63.375
62.1875
60.6875
59.125
58.0
57.0
56.0
55.0
54.1875
53.375
52.6875
52.0625
51.4375
50.8125
50.0625
49.4375
48.875
48.375
48.125
48.375
51.125
60.0625
72.625
81.5
87.5625
92.5625
96.875
101.3125
105.25
107.625
108.375
107.625
104.9375
99.3125
90.875
80.75
70.6875
65.6875
68.875
71.6875
69.375
66.9375
64.875
62.625
61.1875
60.125
58.75
57.1875
55.8125
54.625
53.6875
52.8125
52.0
51.25
50.5625
49.875
49.1875
48.5
47.875
47.1875
46.5
46.0
45.8125
46.25
49.125
57.8125
70.3125
79.1875
84.125
87.75
91.375
95.3125
98.6875
100.8125
101.5625
100.8125
98.125
92.6875
84.4375
74.4375
65.125
62.625
67.3125
68.875
66.6875
65.0
63.0625
61.5
60.3125
58.8125
57.5625
56.625
55.5
54.375
53.25
52.3125
51.625
51.125
50.625
50.125
49.5625
49.125
48.5625
48.0625
47.6875
47.5625
47.875
49.9375
56.6875
67.4375
76.5625
83.25
88.3125
92.6875
97.375
101.6875
104.9375
106.9375
107.3125
105.3125
100.5625
93.125
83.75
73.9375
67.3125
68.375
71.875
71.1875
69.1875
67.3125
64.875
63.125
62.0
60.625
59.1875
58.0
56.875
55.8125
54.8125
53.8125
53.0
52.375
52.1875
52.4375
54.6875
62.5625
74.5625
83.125
88.5
93.0625
96.75
100.3125
103.5625
105.3125
105.4375
104.0
100.6875
95.1875
87.4375
77.6875
68.9375
67.125
71.0625
71.6875
69.25
67.375
65.375
63.3125
62.0625
60.9375
59.5625
58.4375
57.4375
56.25
55.25
54.375
53.5625
52.8125
52.1875
51.5625
50.875
50.25
49.625
49.0625
48.4375
47.875
47.4375
47.25
47.75
50.75
60.375
73.875
83.6875
90.25
95.5
100.3125
105.5
109.9375
112.5625
113.6875
113.625
111.125
105.25
96.8125
86.6875
75.875
69.1875
70.9375
74.125
72.0
69.1875
67.3125
65.125
63.25
61.8125
60.3125
58.75
57.4375
56.375
55.3125
54.3125
53.3125
52.375
51.5625
50.8125
50.125
49.625
49.375
49.6875
52.375
60.8125
73.0625
81.375
85.6875
89.125
92.5625
96.1875
99.0625
100.625
101.1875
99.9375
96.25
90.0625
81.6875
71.5625
63.4375
63.75
68.4375
67.9375
65.5625
64.0625
62.5625
61.6875
60.8125
59.25
57.9375
56.8125
55.625
54.4375
53.0625
51.8125
50.9375
50.5
50.3125
50.5
52.0
57.3125
68.0625
78.25
84.25
88.5625
92.3125
96.125
99.625
102.0
103.1875
102.6875
100.25
95.4375
87.875
78.125
68.9375
65.625
68.625
69.8125
68.0625
66.625
64.8125
62.875
61.75
60.6875
59.375
58.3125
57.3125
56.25
55.25
54.3125
53.5625
52.8125
52.1875
51.5
50.9375
50.25
49.5
48.75
48.25
48.125
48.8125
52.9375
64.0
76.875
85.5625
91.75
97.0
101.9375
106.8125
110.75
112.9375
113.75
112.8125
108.875
102.1875
93.5
83.1875
73.5
70.5
74.5
75.5625
72.625
70.625
68.6875
66.375
64.6875
63.375
61.875
60.375
59.1875
58.0625
57.0
56.0625
55.1875
54.4375
53.6875
53.0625
52.3125
51.6875
51.0
50.375
49.75
49.1875
48.6875
48.1875
47.6875
47.1875
46.75
46.25
45.75
45.3125
45.0
44.875
45.1875
48.25
58.375
72.25
81.8125
88.375
94.0625
99.375
104.875
109.75
112.875
114.4375
113.375
109.5
103.625
95.75
85.6875
74.8125
68.1875
70.5625
74.375
72.3125
69.375
67.5
65.3125
63.4375
62.1875
60.6875
59.1875
57.9375
56.6875
55.5625
54.5625
53.6875
52.75
52.0
51.3125
50.625
49.9375
49.25
48.5625
47.875
47.1875
46.5625
46.0
45.8125
46.25
49.0
57.5625
69.8125
78.4375
83.1875
86.8125
90.4375
94.375
97.6875
99.8125
100.875
100.4375
97.625
92.5
84.9375
75.3125
66.0
63.3125
67.4375
68.4375
66.5
65.125
63.125
61.5
60.5625
59.25
57.9375
56.75
55.6875
54.8125
54.4375
54.875
57.5625
64.5
73.375
78.9375
82.4375
85.5625
88.0
90.125
91.4375
91.1875
89.375
85.5625
79.75
72.3125
64.625
60.4375
62.75
65.625
64.75
63.4375
61.9375
60.0625
58.9375
58.0625
56.875
55.75
54.875
53.75
52.6875
51.875
51.125
50.4375
49.8125
49.3125
48.75
48.125
47.5
47.0
46.5625
46.125
45.6875
45.375
45.0625
44.8125
44.5
44.3125
44.0
43.625
43.25
42.875
42.4375
42.125
41.875
42.0625
43.5625
50.4375
64.0625
76.3125
84.1875
90.5
96.5
102.9375
109.0625
113.125
114.0625
112.8125
110.25
107.1875
102.4375
94.6875
84.875
75.4375
71.875
75.5
76.8125
73.75
71.4375
69.375
66.875
65.0
63.5625
62.0625
60.6875
59.5625
58.5
57.5
56.5625
55.8125
55.0625
54.375
53.6875
53.0
52.25
51.5625
50.875
50.125
49.5625
49.25
49.4375
51.8125
60.0
72.1875
81.1875
87.3125
92.25
96.3125
100.375
104.0625
106.3125
107.0625
106.4375
103.8125
98.6875
90.875
80.75
70.3125
65.1875
68.4375
71.25
68.875
66.4375
64.5
62.3125
60.8125
59.6875
58.375
56.9375
55.75
54.75
53.8125
52.875
52.0
51.25
50.625
49.9375
49.25
48.625
47.9375
47.25
46.625
46.0
45.5625
45.5625
47.0625
52.9375
64.5625
75.5
81.9375
86.0625
89.75
93.625
97.5625
100.4375
101.875
102.0625
100.8125
96.75
89.5625
80.25
70.25
63.8125
65.75
69.375
67.875
66.125
64.25
62.125
60.9375
59.9375
58.625
57.375
56.1875
55.125
54.0625
53.1875
52.4375
51.8125
51.1875
50.6875
50.25
49.6875
49.1875
48.8125
48.875
49.8125
53.5625
62.5
72.625
79.9375
85.6875
90.1875
94.3125
98.375
101.8125
104.125
105.125
104.4375
101.25
95.0625
86.5
76.9375
68.8125
67.125
70.75
71.5
69.5
67.875
65.625
63.5
62.25
61.125
59.8125
58.5625
57.25
56.0
54.9375
54.125
53.375
52.875
52.375
51.9375
51.4375
50.9375
50.3125
49.8125
49.3125
48.8125
48.375
48.1875
48.6875
52.4375
62.9375
75.5
83.75
89.75
95.0625
99.875
104.625
108.625
111.0625
112.25
111.6875
108.375
102.75
95.3125
85.75
75.6875
70.3125
73.0
75.5
73.1875
70.8125
69.0
66.9375
65.3125
64.125
62.6875
61.1875
59.875
58.6875
57.625
56.75
56.0
55.375
54.75
54.0
53.1875
52.4375
51.8125
51.125
50.5625
50.125
50.0
50.75
55.0
65.625
77.375
84.8125
90.0625
94.375
98.375
102.4375
105.5625
107.0625
107.0625
105.625
102.375
96.4375
87.8125
77.5625
68.5625
66.9375
71.375
71.625
68.6875
66.75
64.75
62.75
61.5625
60.3125
58.875
57.625
56.4375
55.375
54.3125
53.3125
52.5
51.8125
51.125
50.375
49.6875
49.0
48.4375
47.875
47.25
46.6875
46.5
47.25
51.0625
61.0625
73.125
80.6875
85.0625
88.5625
92.375
96.25
99.375
101.25
102.0
101.125
98.125
92.5
84.5625
75.0625
66.3125
64.8125
68.5625
68.625
66.6875
65.125
63.25
62.0
61.125
60.0625
58.8125
57.625
56.375
55.3125
54.3125
53.625
53.125
52.5625
52.0625
51.4375
50.75
49.9375
49.1875
48.4375
47.9375
47.75
48.25
50.6875
58.5
70.0625
79.0
85.5
90.75
95.5
100.3125
104.6875
107.75
109.5
109.625
107.5
102.25
94.5625
85.4375
75.6875
69.625
71.75
75.125
73.4375
71.0
69.1875
66.8125
64.9375
63.625
62.25
60.9375
59.9375
59.0
58.0625
57.25
56.4375
55.6875
55.125
54.5
53.625
52.875
52.125
51.5625
50.9375
50.4375
50.375
51.3125
55.9375
66.9375
78.5
86.0
91.75
96.8125
101.4375
105.9375
109.5
111.3125
111.6875
110.625
107.1875
101.0
92.6875
82.5
72.9375
70.5
74.6875
75.5
72.8125
70.9375
69.0625
66.9375
65.625
64.5
63.3125
63.375
65.625
71.0
78.6875
83.25
85.0625
86.9375
87.875
87.375
85.5
81.75
76.6875
70.5
63.5
57.9375
57.6875
61.4375
62.3125
60.0625
58.4375
57.3125
56.0625
55.1875
54.375
53.125
51.875
50.875
50.0
49.1875
48.4375
47.75
47.25
46.875
46.5625
46.1875
45.8125
45.1875
44.375
43.625
43.0625
42.5625
42.125
41.8125
41.4375
41.0625
40.875
40.625
40.375
40.125
39.875
39.6875
39.75
41.4375
49.1875
64.125
76.8125
82.5
85.6875
90.0
95.75
101.6875
106.25
107.625
105.8125
102.375
97.5
90.5625
81.6875
71.75
65.4375
68.1875
72.125
70.5625
68.5
66.625
64.5
63.0
62.0
60.9375
59.75
58.5
57.1875
56.0
55.0
54.0625
53.1875
52.5625
52.1875
51.5
50.625
49.8125
49.1875
48.6875
48.3125
47.9375
47.5
47.125
46.625
46.0
45.625
45.625
45.75
45.9375
47.4375
54.125
66.5625
77.375
84.1875
89.5
94.625
100.0
104.6875
108.125
110.375
110.9375
109.0625
104.4375
97.125
88.0
77.9375
70.125
70.375
74.8125
74.25
71.5
69.8125
67.625
65.625
64.625
63.375
61.75
60.25
59.0625
57.9375
56.9375
56.125
55.5
54.9375
54.25
53.5625
52.8125
52.0625
51.5
50.875
50.375
50.0
49.875
50.625
54.8125
65.25
76.6875
84.125
89.625
94.4375
98.875
103.0625
106.3125
108.0625
108.3125
107.1875
104.125
98.4375
90.1875
80.375
71.4375
69.0625
72.6875
73.25
70.6875
69.0
67.3125
65.375
63.875
62.625
61.125
59.625
58.4375
57.4375
56.5
55.5
54.125
52.625
51.5
50.5625
49.625
48.625
47.8125
47.0625
46.375
45.9375
45.8125
46.5625
51.0
62.0
74.1875
81.75
86.5
90.1875
93.875
97.8125
100.75
102.4375
102.75
101.4375
98.0
92.0
83.4375
73.3125
64.75
64.25
69.0625
68.6875
65.5
63.6875
62.0
60.9375
60.125
58.9375
57.75
56.75
55.8125
54.75
53.625
52.625
51.875
51.0625
50.3125
49.5625
48.875
48.1875
47.5625
47.0
46.5625
46.375
46.3125
47.375
52.375
63.0
73.4375
79.5625
83.625
87.8125
92.3125
96.5625
99.625
101.75
102.6875
101.75
98.0625
91.75
83.3125
73.4375
65.75
65.625
69.3125
69.3125
67.625
65.9375
63.5625
61.8125
60.6875
59.4375
58.3125
57.4375
56.4375
55.375
54.4375
53.75
53.1875
52.625
52.1875
51.6875
51.0625
50.375
49.75
49.1875
48.8125
48.75
49.4375
53.625
64.0625
75.375
82.8125
88.5625
93.6875
98.4375
102.875
106.375
108.5
109.25
108.3125
104.875
98.8125
90.5625
80.8125
71.625
68.6875
72.625
74.1875
71.75
69.875
68.125
66.0
64.4375
63.25
61.8125
60.4375
59.25
58.125
56.9375
56.0
55.25
54.75
54.1875
53.5625
52.75
52.0
51.3125
50.6875
50.1875
49.9375
50.125
52.3125
60.1875
72.625
82.1875
88.625
93.875
98.3125
102.8125
106.75
109.125
110.125
109.8125
107.5625
102.5
94.75
84.9375
74.4375
67.8125
69.1875
72.0625
70.5
68.1875
66.3125
64.125
62.625
61.6875
60.5
60.1875
61.25
64.375
71.0625
76.875
78.6875
79.75
80.5625
80.4375
79.125
76.25
71.625
65.75
59.1875
54.0625
54.375
58.375
59.0625
57.0
55.75
54.8125
53.9375
53.5625
52.75
51.6875
50.875
50.125
49.1875
48.3125
47.625
47.0625
46.5625
46.0625
45.5625
45.125
44.6875
44.25
43.8125
43.375
42.875
42.3125
42.0625
41.625
41.0
40.5
40.1875
39.9375
39.8125
39.8125
39.75
39.8125
40.125
41.375
46.75
59.3125
72.75
81.125
86.3125
91.1875
97.25
103.6875
109.0
111.625
111.0
108.0
104.0
98.5
89.9375
79.3125
70.375
68.75
72.8125
73.5
71.5
70.0625
68.0
65.9375
64.625
63.4375
62.1875
60.9375
59.5625
58.25
57.1875
56.3125
55.5625
54.8125
54.125
53.4375
52.6875
51.9375
51.1875
50.5
50.0
49.5
49.125
48.6875
48.25
47.8125
47.3125
46.875
46.6875
46.6875
47.75
53.125
65.1875
77.125
84.625
90.375
95.375
100.5
105.6875
109.625
111.5625
112.0
110.8125
107.0
100.5
91.625
81.125
71.9375
69.9375
74.5625
75.9375
73.4375
71.4375
69.3125
67.0625
65.4375
64.0
62.375
60.875
59.5625
58.5
57.4375
56.6875
55.9375
55.3125
54.625
53.9375
53.3125
52.625
51.875
51.125
50.5
50.0625
49.875
50.25
53.125
62.0625
74.1875
82.75
88.8125
94.125
98.5
102.4375
105.75
107.625
108.125
107.3125
104.25
98.5625
90.625
80.6875
70.625
66.0
69.375
71.4375
69.0
66.8125
64.8125
62.75
61.375
60.375
59.125
57.8125
56.625
55.5
54.5
53.5625
52.5
51.75
51.125
50.5625
49.9375
49.25
48.5625
47.8125
47.0625
46.5
46.25
46.625
49.0625
56.875
69.0625
78.3125
83.375
86.9375
90.4375
94.375
98.0
100.3125
101.5
101.25
98.875
94.0
86.8125
77.3125
67.3125
63.0
66.8125
69.25
67.125
65.0625
63.125
62.0
61.3125
60.1875
59.0
57.8125
56.625
55.625
54.6875
53.875
53.125
52.5625
51.9375
51.3125
50.75
50.125
49.5
48.875
48.25
47.875
48.125
49.9375
56.5625
67.5625
76.875
83.625
89.1875
94.125
98.9375
103.0
105.875
107.9375
108.5625
106.5625
101.8125
94.625
85.5625
75.6875
68.3125
68.9375
73.4375
73.125
70.75
68.75
66.25
64.4375
63.375
62.1875
61.125
61.0
62.375
67.1875
76.0
82.75
85.3125
87.625
89.6875
90.8125
91.125
89.625
85.9375
80.6875
74.25
66.9375
61.4375
61.875
65.9375
66.25
63.9375
62.375
60.9375
59.5
58.625
57.8125
56.5
55.375
54.4375
53.5
52.75
52.0625
51.375
50.875
50.4375
49.9375
49.375
48.875
48.375
47.875
47.375
46.875
46.375
45.875
45.5
45.125
44.8125
44.5625
44.25
44.0
43.6875
43.3125
43.125
43.0
43.3125
45.6875
55.3125
70.8125
82.375
89.375
95.1875
101.3125
107.8125
113.25
116.125
115.875
114.0
110.875
105.3125
97.3125
87.5
76.6875
69.5
71.75
76.0625
74.25
71.3125
69.375
67.3125
65.4375
63.9375
62.3125
60.6875
59.1875
57.9375
56.75
55.75
54.8125
53.9375
53.125
52.375
51.625
50.875
50.25
49.5625
48.875
48.1875
47.5
46.9375
46.375
45.875
45.375
45.0625
45.3125
47.25
54.3125
66.6875
77.0
82.375
85.9375
89.5625
93.9375
98.125
100.9375
102.125
102.0
100.1875
95.6875
88.625
79.5625
69.625
64.0
66.6875
69.6875
68.125
66.5625
64.875
63.0625
62.125
61.1875
59.875
58.625
57.5
56.5
55.5
54.5
53.5625
52.8125
52.0625
51.375
50.75
50.0625
49.375
48.6875
48.0625
47.5
47.3125
47.625
49.9375
57.4375
69.0625
78.375
85.0625
90.4375
94.9375
99.5625
103.6875
106.625
108.25
108.375
106.4375
101.5625
93.9375
84.5625
74.6875
68.1875
69.6875
73.25
71.8125
69.4375
67.9375
65.875
64.25
63.0625
61.6875
60.25
59.125
58.1875
57.1875
56.25
55.4375
54.6875
53.9375
53.3125
52.625
51.875
51.1875
50.5
49.9375
49.4375
49.25
49.75
53.1875
63.0
75.1875
83.5625
89.8125
94.75
99.0625
103.625
107.4375
109.6875
110.3125
109.5
106.25
100.3125
92.1875
82.3125
72.4375
68.75
72.75
74.875
72.25
70.125
68.375
66.3125
64.75
63.4375
62.0
60.5625
59.4375
58.4375
57.4375
56.5
55.6875
54.9375
54.25
53.5
52.75
52.0
51.3125
50.625
50.0
49.5625
49.375
49.9375
53.75
63.9375
75.625
83.1875
88.9375
93.8125
97.875
101.9375
105.4375
107.375
108.0
107.0625
103.875
98.125
89.75
79.375
69.6875
66.6875
71.125
72.625
69.5
67.1875
65.25
63.25
62.0625
60.9375
59.4375
58.0
56.75
55.75
54.875
53.875
52.875
52.0625
51.375
50.75
50.1875
49.5625
48.9375
48.3125
47.8125
47.6875
48.3125
51.4375
60.375
72.3125
80.375
84.8125
88.4375
92.3125
96.125
99.25
101.375
102.25
101.5625
98.75
93.5
85.625
75.8125
66.5625
64.0625
68.125
69.125
67.125
65.75
63.875
62.4375
61.75
60.75
59.5
58.3125
57.3125
56.1875
55.0
54.0
53.125
52.4375
52.0
51.9375
53.125
57.875
67.4375
76.8125
83.0
88.0
92.1875
96.0625
99.5
102.125
103.4375
103.1875
100.875
96.25
89.125
80.0
70.875
66.5
69.4375
71.5625
69.5
67.5
65.6875
63.625
62.25
61.25
59.875
58.625
57.5625
56.4375
55.5
54.75
54.0
53.3125
52.6875
52.125
51.625
51.0625
50.5
49.9375
49.375
48.8125
48.25
47.75
47.4375
47.625
50.75
61.3125
75.5625
84.625
90.4375
96.0
101.1875
106.5
111.0
113.6875
114.8125
114.1875
111.0
105.375
97.8125
87.75
76.9375
70.9375
73.5625
76.5625
74.3125
71.6875
69.8125
67.5625
65.6875
64.3125
62.8125
61.3125
60.0625
59.0
57.875
56.875
56.0625
55.3125
54.625
53.9375
53.25
52.5625
52.0
51.375
50.6875
50.0625
49.5625
49.125
48.9375
49.625
54.75
67.125
79.875
86.75
90.375
93.875
97.9375
101.5
103.125
102.125
98.25
91.6875
83.4375
74.375
67.0625
66.625
70.25
69.3125
65.875
64.25
62.8125
61.25
59.625
58.0625
56.75
55.5625
54.3125
53.125
52.125
51.4375
50.75
50.1875
49.625
49.0
48.4375
47.9375
47.4375
46.875
46.25
45.625
45.0625
44.5
43.875
43.375
43.0
42.875
43.625
47.375
57.125
69.25
77.4375
82.1875
85.9375
90.3125
95.0
98.8125
101.4375
102.75
101.8125
97.875
91.5625
84.0
75.125
66.0
62.9375
67.8125
69.875
67.1875
65.125
63.1875
61.875
61.125
59.9375
58.5625
57.3125
56.125
55.0625
54.0625
53.25
52.6875
52.1875
51.625
51.0625
50.4375
49.75
49.0625
48.3125
47.625
47.1875
47.3125
48.9375
55.0
65.75
75.125
81.875
87.3125
92.0
96.5625
100.625
103.75
105.8125
106.5
104.875
100.3125
93.3125
84.8125
75.3125
67.8125
67.8125
71.625
70.9375
68.25
66.375
64.25
62.4375
61.3125
60.25
58.9375
57.75
56.8125
55.875
55.0
54.125
53.375
52.8125
52.25
51.625
50.9375
50.25
49.5625
48.875
48.4375
48.1875
48.625
51.6875
61.0
73.0
81.375
87.3125
92.5
97.1875
101.75
105.5
107.9375
108.8125
107.5625
103.9375
98.375
90.9375
81.6875
72.25
67.875
71.0
73.4375
71.125
68.875
67.25
65.1875
63.4375
62.0
60.5625
59.125
57.9375
56.9375
55.9375
55.0
54.1875
53.4375
52.875
52.25
51.625
50.9375
50.1875
49.4375
48.875
48.4375
48.3125
49.25
54.25
65.4375
76.5
83.5625
89.1875
93.9375
98.1875
102.0
104.8125
106.25
106.375
104.8125
101.0
94.5
85.6875
75.4375
66.8125
65.6875
70.125
70.375
67.625
65.8125
63.8125
61.75
60.5
59.3125
57.875
56.5
55.5625
54.8125
54.125
54.25
57.25
65.3125
74.9375
79.9375
82.6875
85.375
87.625
89.5625
90.375
89.5
87.1875
83.125
77.125
69.5625
61.75
58.25
62.0
64.6875
62.8125
61.0625
59.625
58.125
57.3125
56.1875
54.8125
53.75
52.8125
51.9375
50.9375
50.375
49.6875
48.875
48.0
47.5
47.1875
46.875
46.625
46.25
45.875
45.5
45.0625
44.625
44.1875
43.75
43.3125
42.875
42.4375
42.0
41.625
41.1875
40.875
40.625
40.6875
41.625
46.1875
57.375
70.1875
79.625
86.625
92.1875
98.25
104.8125
110.0625
112.8125
113.0625
111.625
108.125
102.5
95.0
85.625
75.375
69.0625
71.125
74.6875
72.75
70.125
68.4375
66.25
64.3125
62.875
61.5
60.25
59.0625
57.875
56.875
55.875
55.0
54.1875
53.4375
52.6875
51.9375
51.1875
50.5
49.75
49.0625
48.5625
48.25
48.4375
50.9375
59.4375
71.5
80.1875
85.9375
90.8125
95.0625
99.375
103.1875
105.375
106.0625
105.4375
102.8125
97.75
90.1875
80.625
70.8125
66.25
69.6875
72.1875
69.6875
67.375
65.8125
63.6875
62.0
60.8125
59.5
58.0625
57.0
56.125
55.125
54.1875
53.375
52.625
52.0
51.375
50.6875
50.0625
49.3125
48.6875
48.125
47.6875
47.5625
48.625
53.9375
65.5
76.5625
83.625
89.25
93.75
97.6875
101.8125
104.875
106.25
106.4375
104.8125
100.125
92.875
84.125
74.375
66.1875
65.5
70.0625
70.1875
67.1875
65.25
63.125
61.1875
60.0625
58.875
57.4375
56.0625
54.875
53.9375
53.125
52.1875
51.3125
50.625
50.0
49.375
48.75
48.125
47.4375
46.8125
46.125
45.625
45.375
45.75
48.0625
55.5625
67.5
76.75
81.875
85.5625
89.3125
93.375
97.0
99.625
101.0
100.3125
97.4375
92.375
85.3125
76.3125
66.875
62.1875
65.3125
67.9375
66.0625
64.375
62.75
61.125
60.3125
59.3125
58.1875
57.0625
56.0
55.0
54.0
53.0625
52.1875
51.4375
50.75
50.0625
49.375
48.6875
48.0
47.5
47.375
47.875
50.625
58.5625
69.6875
78.1875
84.4375
89.4375
93.875
98.4375
102.3125
104.75
105.8125
105.5625
103.3125
98.3125
90.8125
81.5
71.625
65.9375
68.1875
71.0625
69.3125
67.125
65.375
63.125
61.625
60.6875
59.5
58.1875
57.125
56.25
55.25
54.25
53.3125
52.5625
51.8125
51.125
50.4375
49.875
49.5
49.625
51.5625
58.75
70.75
80.25
86.375
91.375
95.5625
99.625
103.4375
106.125
107.125
106.625
104.25
99.0625
91.5625
82.1875
72.375
66.9375
69.3125
72.0
70.0625
68.125
66.875
64.875
63.125
61.8125
60.5
59.125
57.9375
56.875
55.875
54.8125
53.8125
52.9375
52.1875
51.5
50.9375
50.5625
50.4375
51.625
57.5
69.375
80.125
86.625
91.6875
96.0
100.1875
104.125
106.875
108.0
107.8125
105.5625
100.4375
93.125
84.0
73.9375
67.375
68.9375
72.4375
70.375
67.1875
65.375
63.375
61.625
60.25
58.8125
57.25
55.9375
54.6875
53.5625
52.625
51.8125
51.0625
50.375
49.6875
49.0625
48.5
47.9375
47.3125
46.75
46.25
45.6875
45.125
44.5625
44.0
43.4375
42.9375
42.5
42.0625
41.9375
42.4375
45.375
54.5625
68.0
77.75
82.875
86.5625
90.9375
96.0
100.625
103.75
105.3125
105.1875
102.5
97.25
89.625
80.125
69.875
63.875
67.125
70.75
68.625
66.3125
64.4375
62.5625
61.6875
60.8125
59.5625
58.3125
57.125
56.125
55.125
54.1875
53.375
52.625
51.8125
51.125
50.375
49.6875
49.0
48.3125
47.6875
47.1875
46.9375
47.4375
50.3125
58.75
70.0
78.25
84.1875
89.0625
93.5
98.0
101.875
104.5625
106.0
105.5
102.4375
97.125
89.6875
80.125
70.3125
65.875
69.3125
71.75
69.4375
67.25
65.5
63.25
61.8125
60.875
59.625
58.3125
57.1875
56.1875
55.25
54.375
53.5625
52.8125
52.1875
51.5625
50.75
50.0
49.25
48.625
48.1875
48.125
49.25
54.75
66.3125
77.1875
84.0
89.5
94.125
98.375
102.6875
106.0625
107.625
107.5625
105.9375
102.375
96.0
87.1875
77.0625
68.875
68.375
72.5
72.0625
69.25
67.4375
65.4375
63.375
62.0625
60.875
59.5
58.25
57.25
56.125
55.125
54.25
53.4375
52.75
52.1875
51.625
51.0
50.3125
49.5625
48.875
48.1875
47.6875
47.1875
47.0625
47.625
51.6875
62.1875
73.8125
81.1875
86.9375
91.875
95.875
99.875
103.3125
105.3125
105.8125
105.0625
102.1875
95.9375
87.0625
76.875
67.5
64.5625
69.125
70.9375
68.1875
66.0625
64.0625
62.0625
60.8125
59.625
58.1875
56.6875
55.375
54.375
53.4375
52.5
51.5625
50.875
50.3125
49.6875
49.125
48.5
47.875
47.1875
46.5625
46.0
45.8125
46.3125
49.125
57.625
69.5
77.625
82.0625
85.5625
89.4375
93.4375
96.75
99.0625
100.125
99.6875
96.9375
91.375
83.0625
73.25
64.3125
62.0625
66.5625
67.8125
65.8125
64.3125
62.3125
60.8125
60.1875
59.1875
57.9375
56.875
55.8125
54.8125
53.8125
52.875
52.125
51.4375
50.6875
49.9375
49.25
48.5625
47.875
47.1875
46.6875
46.375
46.5625
48.375
54.875
66.375
76.3125
83.0625
88.6875
93.3125
97.9375
102.375
105.4375
107.125
107.625
105.875
101.1875
93.8125
84.8125
75.0
67.75
68.3125
72.125
71.3125
68.875
67.375
65.375
63.5625
62.5
61.3125
60.125
59.9375
61.625
66.6875
75.0
80.875
83.0625
85.125
87.0
88.0
87.9375
86.0625
82.1875
76.8125
70.3125
63.3125
59.0
60.8125
64.4375
64.0625
61.8125
60.5
59.1875
57.9375
57.125
56.4375
55.375
54.9375
57.0625
65.5
78.125
86.125
89.625
92.375
94.5
96.25
96.9375
95.5625
92.125
86.5625
78.75
69.875
63.625
64.8125
68.6875
67.625
65.375
64.125
62.4375
60.8125
59.5
58.0
56.125
54.5
53.25
52.1875
51.25
50.4375
49.625
48.875
48.25
47.5625
46.9375
46.4375
46.0
45.5625
45.0625
44.5625
44.0625
43.5625
43.0
42.5
42.0625
41.625
41.1875
40.8125
40.4375
40.0625
39.625
39.25
38.875
38.5
38.25
38.0
37.8125
37.75
37.8125
38.375
41.5
51.625
67.3125
78.75
83.8125
87.3125
92.5
99.0
104.875
108.1875
107.9375
105.0
101.1875
96.25
89.1875
80.1875
70.6875
66.375
70.3125
72.25
69.4375
67.25
65.1875
63.375
62.5
61.5
60.1875
58.75
57.625
56.5625
55.5625
54.6875
53.8125
53.0
52.25
51.5
50.8125
50.125
49.375
48.6875
48.0
47.5
46.9375
46.4375
45.9375
45.625
45.375
45.125
44.875
44.5625
44.1875
43.8125
43.5625
43.3125
43.25
43.6875
47.0
56.75
69.1875
77.625
83.6875
89.0
94.3125
99.6875
104.3125
107.625
108.9375
107.625
103.8125
98.0625
91.0
82.5
73.5
68.5625
71.375
74.1875
72.0625
69.5625
67.75
65.5
63.4375
61.9375
60.5
59.0
57.8125
56.8125
55.875
54.9375
54.1875
53.4375
52.6875
52.125
51.4375
50.875
50.25
49.5625
49.0
48.625
48.5
49.0625
52.6875
62.0625
73.1875
80.8125
86.4375
90.9375
94.875
98.9375
102.375
104.25
104.875
103.8125
100.5625
95.0
86.9375
76.9375
68.0625
65.9375
69.8125
70.5625
67.8125
65.8125
63.8125
61.625
60.125
58.8125
57.375
56.0
54.8125
53.75
52.75
51.8125
51.0625
50.5
49.875
49.3125
48.625
48.0625
47.4375
46.8125
46.25
45.625
45.125
44.875
45.4375
49.1875
59.0625
71.0625
78.9375
83.625
87.0
90.6875
94.75
98.125
100.375
101.5
100.5
96.9375
91.0625
82.6875
72.5625
64.0625
63.125
68.125
68.625
66.0625
64.25
62.375
61.125
60.1875
58.9375
57.75
56.4375
55.125
54.0625
53.1875
52.5
52.0
51.5
51.0625
50.5625
50.125
49.625
49.0625
48.375
47.8125
47.375
47.5
48.875
54.3125
64.5
74.0
80.9375
86.375
90.875
95.3125
99.4375
102.6875
104.8125
105.5
104.25
100.5
94.125
85.25
75.0625
67.5
67.625
71.5
71.0625
68.8125
67.3125
65.25
63.375
62.25
61.0
59.5625
58.3125
57.1875
56.125
55.1875
54.3125
53.625
53.0625
52.5
52.0
51.4375
50.8125
50.1875
49.625
49.125
48.9375
49.5
53.25
63.4375
75.1875
82.875
88.625
93.625
98.1875
102.6875
106.3125
108.5625
109.25
108.5
105.3125
99.1875
91.3125
81.875
72.4375
68.4375
72.0
74.0625
71.6875
69.75
68.0625
65.9375
64.375
63.0
61.5
60.0625
58.9375
58.0625
57.125
56.1875
55.3125
54.5625
53.875
53.3125
52.625
51.9375
51.25
50.625
50.125
49.6875
49.5625
50.5625
55.8125
67.25
78.5
85.625
91.1875
95.9375
100.4375
104.625
107.625
109.25
109.375
107.875
104.0625
97.5625
88.3125
77.375
68.625
68.0
72.25
71.8125
68.8125
66.9375
64.875
62.875
61.5625
60.4375
58.9375
57.5625
56.3125
55.25
54.3125
53.4375
52.6875
52.0
51.3125
50.625
49.9375
49.3125
48.6875
48.0
47.3125
46.75
46.5625
47.125
50.375
59.75
72.0
80.125
84.625
88.375
92.375
96.5
99.8125
101.625
102.125
101.375
98.6875
93.1875
85.0625
75.1875
66.1875
64.5
69.1875
69.8125
67.375
65.6875
63.5
62.0
61.125
59.8125
58.5625
57.5
56.5
55.4375
54.3125
53.4375
52.6875
52.0625
51.625
51.1875
50.75
50.25
49.6875
49.125
48.5625
48.25
48.5
50.125
56.1875
66.8125
76.1875
83.0
88.375
93.0
97.8125
102.1875
105.4375
107.5
108.1875
106.8125
102.5625
95.625
86.75
76.9375
69.5625
69.625
73.125
72.5625
70.5625
68.8125
66.5
64.5
63.1875
61.875
60.5625
59.4375
58.375
57.3125
56.3125
55.5625
54.9375
54.3125
53.6875
53.125
52.5625
51.875
51.25
50.75
50.375
50.1875
50.9375
55.125
65.6875
77.25
84.75
90.625
95.6875
100.3125
104.8125
108.5
110.625
111.3125
110.5
107.875
102.5
94.3125
84.0625
74.3125
71.0
75.0
76.4375
73.4375
71.125
69.0625
66.8125
65.25
63.9375
62.5
61.0625
59.875
58.875
57.875
57.0
56.1875
55.5
54.9375
54.3125
53.625
52.8125
52.125
51.4375
50.8125
50.4375
50.375
51.5
57.0625
68.6875
79.625
86.6875
92.25
96.9375
101.4375
105.875
109.25
110.8125
110.6875
108.6875
104.4375
97.75
88.625
77.75
68.875
68.3125
73.125
73.1875
70.0
68.0625
65.875
63.75
62.3125
61.0
59.4375
58.0625
56.875
55.8125
55.0625
54.3125
53.625
53.0625
52.8125
54.5625
61.4375
72.8125
80.875
84.5625
87.75
90.75
93.4375
95.6875
96.6875
96.3125
94.3125
90.3125
84.1875
76.0
67.25
62.75
66.125
68.9375
66.9375
65.0625
63.25
61.6875
60.75
59.4375
58.0
56.8125
55.8125
54.8125
53.6875
52.5
51.3125
50.5625
50.1875
49.75
49.125
48.5
47.875
47.375
46.875
46.375
46.0625
45.75
45.5
45.25
45.0625
44.8125
44.5625
44.3125
44.125
44.3125
45.75
51.625
63.125
74.25
82.375
88.5625
93.8125
99.5625
105.25
109.9375
113.25
114.1875
112.25
108.25
102.6875
95.125
85.4375
75.5625
71.625
75.125
76.5625
74.0625
72.25
70.3125
67.875
66.1875
64.9375
63.5625
62.1875
61.0625
60.0
59.125
58.75
60.375
66.4375
76.125
83.125
86.5625
89.8125
92.5625
94.5
95.6875
95.4375
93.25
89.125
83.4375
76.1875
68.375
63.8125
66.125
69.6875
68.6875
66.3125
64.625
62.75
61.1875
60.375
59.5
58.375
57.3125
56.4375
55.5
54.625
53.875
53.1875
52.75
52.3125
51.8125
51.25
50.6875
50.0
49.5
49.0
48.6875
48.25
47.75
47.3125
47.0
46.625
46.25
45.9375
45.625
45.25
44.9375
44.6875
44.5625
45.5625
51.375
64.25
76.625
84.5625
90.875
96.25
101.8125
107.25
111.3125
113.875
114.75
112.75
108.1875
101.875
93.375
82.625
72.3125
68.8125
73.25
74.5625
71.4375
69.375
67.5
65.5625
64.3125
63.0625
61.375
59.75
58.5
57.5
56.375
55.0
53.8125
53.0
52.4375
52.0
51.5625
50.9375
50.125
49.4375
48.875
48.25
47.8125
47.75
48.625
52.6875
62.375
73.3125
79.9375
83.9375
87.4375
90.9375
94.375
97.125
98.9375
99.875
99.0
95.6875
90.0625
82.125
72.625
64.75
64.25
68.5
68.9375
67.1875
65.6875
63.625
62.3125
61.5
60.3125
58.875
57.5
56.3125
55.3125
54.25
53.5
53.0
52.4375
51.5625
50.8125
50.3125
50.0
49.625
49.3125
49.0625
49.0
49.5
52.9375
62.875
74.875
83.125
89.0
93.875
98.4375
103.125
107.0625
109.25
110.0
109.1875
105.625
99.625
91.75
82.125
72.625
68.3125
71.9375
74.8125
72.9375
71.0
69.0625
66.5
64.75
63.6875
62.375
61.0625
60.0625
59.125
58.1875
57.0
55.9375
55.125
54.4375
53.8125
53.125
52.4375
51.875
51.3125
50.8125
50.4375
50.4375
51.9375
58.5625
70.6875
81.125
88.0625
93.5
98.125
102.625
106.875
109.5
110.375
110.1875
108.625
104.5625
97.6875
88.3125
77.5
69.5
69.4375
73.125
72.4375
69.5625
67.375
64.875
62.6875
61.5
60.4375
59.0625
57.5625
56.1875
55.0625
54.25
53.4375
52.75
52.0625
51.1875
50.4375
49.875
49.3125
48.875
48.3125
47.75
47.3125
47.125
48.375
54.4375
66.375
76.9375
82.75
86.75
90.6875
94.75
98.375
101.0
102.4375
102.5625
100.875
96.875
90.3125
81.125
70.8125
64.5
66.8125
69.8125
67.875
66.125
64.75
63.375
62.5
61.5625
60.0625
58.4375
56.875
55.8125
55.0625
54.375
53.75
53.0
52.25
51.75
51.3125
50.875
50.5
50.125
50.125
51.25
56.3125
66.25
75.75
82.5
88.0625
92.75
97.0625
101.125
104.5
106.875
107.75
106.1875
102.0
95.25
86.625
77.1875
69.875
69.5625
73.375
73.0625
70.75
69.0
66.9375
65.125
63.9375
62.5
61.0625
59.9375
59.0625
58.1875
57.125
56.125
55.1875
54.5
54.1875
53.875
53.375
52.875
52.25
51.5625
50.875
50.1875
49.8125
50.1875
52.4375
60.25
73.0
82.8125
89.0
94.5
99.5
104.5
109.0625
112.0
113.375
113.25
111.1875
106.5625
99.4375
90.4375
80.25
72.375
72.3125
76.375
75.875
73.25
71.4375
69.25
67.0625
65.75
64.5
63.0625
61.6875
60.5
59.3125
58.0625
57.125
56.3125
55.125
53.6875
52.5
51.5625
50.5625
49.5625
48.6875
47.9375
47.4375
47.5
49.75
57.9375
70.75
80.75
86.625
90.6875
94.25
98.1875
101.6875
103.8125
104.4375
103.875
101.625
96.5
88.5625
78.75
69.1875
65.5
69.8125
71.4375
68.0
65.75
64.25
62.9375
62.25
61.1875
59.875
58.6875
57.5625
56.25
55.0
53.9375
53.25
52.6875
51.9375
51.125
50.375
49.875
49.25
48.625
48.125
47.6875
47.625
48.8125
53.3125
62.9375
73.1875
79.625
84.3125
88.8125
93.375
97.875
101.75
104.3125
105.375
104.6875
101.6875
96.0
87.875
78.0
69.125
66.75
70.3125
70.9375
69.25
67.9375
65.8125
63.9375
62.9375
61.875
60.75
60.0
59.1875
57.9375
56.625
55.75
55.0625
54.3125
53.8125
53.375
52.8125
52.25
51.625
50.9375
50.375
50.1875
50.9375
55.1875
65.75
77.3125
84.9375
90.625
95.625
100.3125
104.8125
108.375
110.25
110.6875
110.0625
107.0
100.9375
92.3125
82.1875
73.1875
70.5625
74.375
75.5625
73.0625
71.125
69.25
67.0625
65.5625
64.125
62.4375
61.0
60.0625
59.1875
58.3125
57.4375
56.5625
55.6875
54.9375
54.1875
53.375
52.8125
52.3125
51.9375
51.625
51.25
51.3125
53.75
62.3125
74.875
84.25
90.5
95.6875
100.25
104.875
108.875
111.125
111.5
110.375
107.8125
103.0
95.0625
84.5625
73.6875
67.9375
70.875
73.75
71.5625
69.25
67.4375
65.375
63.625
62.1875
60.625
59.125
57.875
56.9375
56.1875
56.0625
57.6875
63.3125
72.8125
79.9375
83.0625
85.625
87.75
89.8125
91.25
91.0
88.875
84.9375
79.0625
71.5625
63.5
58.8125
61.875
66.25
65.3125
63.4375
61.9375
60.125
58.875
57.8125
56.625
55.625
54.75
53.75
52.875
52.125
51.3125
50.375
49.6875
48.9375
48.125
47.5
47.3125
47.25
47.125
46.875
46.375
45.8125
45.375
45.125
45.0625
44.9375
44.75
44.3125
43.8125
43.4375
43.5
45.4375
52.9375
65.5625
76.5625
84.8125
91.3125
97.25
103.625
109.6875
114.125
116.0625
115.5625
113.1875
109.75
104.375
95.9375
85.0
74.75
71.8125
76.125
76.8125
73.6875
71.8125
69.9375
68.0
66.4375
64.9375
63.4375
62.125
61.0
59.8125
58.875
58.1875
57.625
56.9375
56.0625
55.0625
54.3125
53.6875
53.1875
52.75
52.0625
51.1875
50.5625
50.1875
50.3125
53.0625
62.25
75.0
83.875
89.8125
94.75
99.1875
104.0625
108.25
110.375
111.0625
110.5625
108.1875
103.125
95.3125
85.5625
75.625
70.4375
73.3125
75.875
73.75
71.5
69.5
67.0
65.125
63.9375
62.625
60.9375
59.1875
57.4375
55.875
54.625
53.625
52.75
51.9375
51.125
50.375
49.75
49.0625
48.4375
47.8125
47.25
46.875
47.0625
49.9375
59.0625
71.875
80.75
86.125
90.1875
93.8125
97.9375
101.1875
103.0625
103.625
102.75
99.875
94.3125
86.125
76.3125
66.9375
64.1875
69.1875
70.625
67.625
65.8125
64.3125
63.0
62.0625
60.75
59.5
58.4375
57.25
55.875
54.625
53.6875
52.9375
52.3125
51.625
50.875
50.1875
49.75
49.0625
48.125
47.375
47.0625
47.375
49.125
54.75
65.4375
75.6875
81.9375
86.375
90.75
95.5625
100.0
103.25
105.4375
106.3125
105.375
101.5625
94.875
85.9375
75.75
68.125
68.0625
71.5625
71.4375
70.0
68.375
66.0
64.125
63.0
61.875
60.875
60.0
58.875
57.625
56.5
55.6875
55.0
54.3125
53.625
53.0625
52.25
51.25
50.4375
50.0625
49.9375
50.0
51.1875
56.75
68.4375
79.5
86.5
91.8125
96.75
101.625
106.125
109.6875
111.6875
112.1875
110.5
106.4375
100.125
91.8125
81.8125
72.875
71.0625
75.1875
75.625
72.6875
70.6875
68.8125
66.875
65.5
64.3125
62.75
61.1875
60.0625
59.125
58.1875
57.25
56.5625
56.0
55.3125
54.5
53.625
52.875
52.3125
51.6875
51.25
51.125
51.625
55.6875
66.375
78.5
86.4375
92.25
97.0625
101.5
105.9375
109.5
111.375
111.6875
110.0625
106.125
99.75
90.8125
79.9375
70.5
68.8125
73.3125
73.75
70.5625
68.3125
66.25
64.1875
62.8125
61.625
60.125
58.6875
57.375
56.0625
54.9375
54.0625
53.4375
52.875
52.125
51.3125
50.5625
49.8125
49.0
48.4375
48.0
47.625
47.625
48.75
54.25
65.875
76.9375
83.25
87.1875
90.875
94.875
98.8125
101.75
103.1875
103.125
101.5625
97.875
91.6875
82.9375
72.6875
65.5
66.875
70.5
69.125
67.3125
65.625
63.6875
62.8125
62.0
60.8125
59.5
58.3125
57.25
56.25
55.4375
54.8125
54.375
53.8125
53.0625
52.3125
51.4375
50.5625
49.75
49.0625
48.9375
49.125
50.9375
57.4375
68.4375
77.875
84.625
90.125
95.3125
100.4375
104.625
107.5
109.375
109.875
108.125
103.8125
96.6875
87.625
77.6875
70.5625
71.5
75.1875
73.6875
70.9375
69.25
67.25
65.5
64.1875
62.875
61.75
60.6875
59.5625
58.375
57.375
56.5625
55.8125
55.125
54.5
53.875
53.3125
52.9375
52.375
51.625
51.1875
51.0625
52.6875
60.1875
72.9375
83.375
90.0
95.25
99.875
104.5625
108.9375
111.8125
113.25
113.25
111.125
106.625
99.625
90.4375
79.875
72.5
73.875
77.875
76.5
73.8125
71.9375
69.5
67.5
66.3125
64.9375
63.375
61.9375
60.625
59.4375
58.5625
57.875
57.25
56.625
55.9375
55.1875
54.4375
53.5
52.625
51.875
51.3125
50.75
50.75
53.4375
62.75
75.0625
83.5
89.0625
93.5
97.625
102.0625
105.4375
107.0625
107.5625
106.6875
103.4375
97.3125
88.625
78.5
69.125
66.75
71.5
72.5
69.375
67.4375
65.5625
63.6875
62.5625
61.125
59.4375
58.1875
57.1875
56.125
54.9375
53.8125
52.9375
52.375
51.875
51.25
50.625
49.9375
49.3125
48.8125
48.3125
48.0
48.0
49.0625
54.0
64.9375
75.6875
81.9375
86.125
90.1875
94.375
98.125
100.75
102.1875
102.5
101.1875
97.875
92.0625
83.75
74.0
66.375
66.6875
70.9375
70.5
68.5625
67.125
64.875
63.3125
62.1875
61.0
59.75
58.5
57.3125
56.25
55.375
54.5
53.625
52.8125
52.1875
51.75
51.4375
51.0
50.25
49.1875
48.375
48.6875
50.9375
58.4375
71.0
80.875
87.125
92.4375
97.3125
102.0625
106.625
109.6875
110.8125
110.625
109.0
104.625
97.5
88.1875
77.75
70.3125
71.5
75.6875
74.625
71.9375
69.9375
67.8125
66.125
65.125
63.875
62.4375
61.125
59.8125
58.5625
57.3125
56.375
55.75
55.25
54.75
54.125
53.375
52.4375
51.3125
50.5625
50.4375
51.0
52.875
59.375
71.625
82.3125
89.0625
94.5625
99.4375
104.0625
108.3125
111.3125
112.9375
113.125
111.25
106.6875
99.5625
90.375
79.875
72.125
72.75
76.75
75.6875
72.9375
70.9375
68.4375
66.25
64.625
62.8125
60.875
59.4375
58.0625
56.5
55.125
54.3125
54.0
54.1875
56.875
65.1875
76.625
83.8125
87.5625
90.3125
92.375
94.875
96.5625
96.125
93.875
89.875
84.125
76.5625
67.875
62.0625
64.125
68.1875
66.75
64.125
62.5
60.8125
60.0
59.375
58.3125
57.1875
56.1875
55.125
53.875
52.5625
51.5625
51.0
50.5
49.9375
49.375
48.75
47.9375
47.3125
46.875
46.375
45.8125
45.375
45.125
44.5625
43.875
43.375
42.875
42.5625
42.4375
42.5625
43.3125
46.125
54.875
68.375
78.75
85.25
90.375
95.9375
102.3125
108.1875
113.0
115.5625
114.625
111.125
106.9375
100.9375
91.6875
81.1875
73.0625
72.5
76.625
76.375
73.3125
71.0625
68.6875
66.6875
65.5
64.5625
63.5
62.1875
60.8125
59.375
57.9375
56.8125
56.0625
55.5625
55.125
54.75
54.0625
53.1875
52.3125
51.25
50.5625
50.375
51.0
53.9375
62.9375
75.5625
84.3125
90.0
95.0
99.4375
103.625
107.4375
109.875
110.875
110.0625
107.25
102.4375
95.3125
85.625
75.5
70.625
73.875
76.4375
73.9375
71.3125
69.3125
67.3125
65.9375
64.75
63.1875
61.75
60.5625
59.5625
58.6875
57.625
56.625
55.8125
55.3125
54.75
54.0625
53.3125
52.5625
51.8125
51.3125
51.0625
51.0625
52.625
59.375
72.0
82.6875
89.375
94.4375
98.25
102.1875
106.25
108.8125
109.8125
109.25
106.8125
101.8125
94.25
85.0
74.9375
67.6875
69.0
73.625
72.4375
69.0
66.75
64.75
63.125
62.125
60.75
59.125
57.8125
56.625
55.625
54.6875
53.625
52.6875
51.875
50.9375
50.125
49.4375
48.875
48.5625
48.25
47.8125
47.4375
47.5
49.6875
57.3125
69.4375
78.8125
84.0625
87.9375
91.75
95.6875
99.0
101.0625
102.0625
101.4375
99.125
94.8125
87.875
78.625
69.1875
65.0
68.25
69.75
67.75
66.3125
64.3125
62.5
61.6875
60.875
59.75
58.5625
57.5625
56.4375
55.375
54.375
53.625
53.0625
52.4375
51.8125
51.25
50.625
50.0
49.25
49.5
52.5625
61.1875
72.8125
81.25
87.0
91.9375
96.6875
101.5625
105.8125
108.5625
109.75
109.0625
105.8125
99.9375
91.875
82.375
73.0
68.75
72.25
74.8125
72.375
70.0625
68.4375
66.3125
64.875
63.75
62.3125
61.0
59.875
58.75
57.6875
56.75
55.875
55.0625
54.4375
54.125
53.6875
53.0
52.375
51.5625
50.5625
49.6875
49.375
49.5625
50.6875
56.0
67.75
79.8125
87.375
92.75
97.875
102.9375
107.8125
111.6875
113.9375
114.625
113.5
109.8125
103.4375
94.8125
84.5
74.8125
71.9375
76.0625
77.375
74.75
72.375
70.0
67.75
66.3125
64.9375
63.3125
61.9375
60.9375
59.875
58.75
57.625
56.6875
55.9375
55.4375
54.875
54.1875
53.0625
51.5
50.125
49.0
48.3125
48.1875
49.9375
57.0625
69.5625
79.9375
86.5
91.375
95.6875
100.0
103.6875
105.8125
106.4375
105.8125
103.6875
98.75
90.875
81.1875
71.1875
65.9375
69.5625
73.125
70.375
67.375
65.375
63.375
62.0625
61.0
59.625
58.4375
57.4375
56.3125
55.0625
53.9375
53.1875
52.5
51.8125
51.1875
50.625
49.9375
49.3125
48.6875
48.0
47.4375
47.1875
47.9375
51.8125
61.5
73.125
80.6875
85.25
88.75
92.1875
96.125
99.8125
102.25
103.3125
103.125
100.5
94.875
86.9375
77.4375
68.25
65.25
69.375
71.0
69.25
67.625
65.5
63.6875
62.5625
61.25
59.75
58.4375
57.1875
56.0625
55.1875
54.5625
54.0625
53.4375
52.625
51.875
51.25
50.875
50.3125
49.75
49.4375
49.25
49.8125
53.8125
64.5
76.6875
84.5
90.125
95.0
99.5625
104.0
107.5
109.8125
111.0625
110.625
107.6875
101.875
93.625
83.25
73.0625
69.3125
73.5
76.0
74.0
71.9375
69.625
67.125
65.625
64.4375
63.0
61.75
60.4375
59.125
58.0
57.125
56.1875
55.25
54.625
54.25
53.8125
53.25
52.5
51.75
51.125
51.0
51.6875
55.5
65.875
78.25
86.5
92.625
97.75
101.9375
106.0
109.5
111.6875
112.6875
112.1875
108.875
102.4375
93.875
83.5625
73.875
70.875
74.875
76.4375
73.875
71.8125
69.8125
67.5625
65.9375
64.8125
63.25
61.625
60.3125
59.0
57.625
56.1875
54.8125
53.8125
52.875
51.875
51.0
50.125
49.1875
48.25
47.625
47.3125
47.375
48.5625
54.0625
66.1875
78.125
85.0
89.4375
93.0
97.0625
101.375
104.25
105.8125
106.125
104.5
100.0
93.0
83.9375
73.625
66.0625
67.3125
71.9375
70.6875
68.0
66.3125
64.375
63.0625
61.9375
60.5
59.3125
58.3125
57.1875
55.8125
54.5625
53.5
52.8125
52.125
51.375
50.625
50.0
49.5625
48.9375
48.1875
47.625
47.0
47.0625
49.5
57.75
70.125
79.25
84.375
88.3125
92.3125
96.5625
100.5
103.4375
105.3125
105.875
103.9375
99.0
91.3125
81.625
71.6875
66.8125
69.625
71.875
70.1875
68.1875
66.0
63.8125
62.6875
61.8125
60.6875
59.6875
58.5625
57.1875
56.0
55.125
54.625
54.1875
53.625
52.9375
52.3125
51.625
50.8125
50.1875
49.8125
49.5625
49.75
52.4375
61.3125
74.0
82.9375
88.875
93.9375
98.625
103.3125
107.5625
110.3125
111.5625
111.1875
108.1875
102.75
95.0625
85.125
74.8125
69.8125
73.0625
75.5
72.8125
70.3125
68.5625
66.5
65.0625
64.0625
62.75
61.4375
60.1875
58.875
57.5625
56.625
55.875
55.25
54.4375
53.5625
52.8125
52.25
51.6875
51.125
50.5625
50.125
50.1875
52.3125
60.4375
73.3125
83.1875
89.5
94.5625
99.125
103.875
108.1875
110.9375
112.1875
112.0
109.8125
104.8125
96.875
86.9375
76.6875
70.875
73.5625
76.9375
74.6875
71.625
69.5625
67.375
65.625
64.5
63.125
61.5625
60.3125
59.0625
57.8125
56.75
56.0
55.25
54.375
53.25
51.9375
50.8125
49.8125
49.0
48.3125
47.625
47.1875
47.5
51.625
62.75
75.8125
84.1875
89.5625
93.5
97.3125
101.4375
104.75
106.375
106.5625
105.25
101.8125
95.375
86.125
75.625
67.3125
67.25
71.875
70.75
67.375
65.5625
63.9375
62.8125
61.875
60.5
59.125
57.9375
56.875
55.6875
54.5
53.5
52.8125
52.1875
51.5
50.8125
50.0625
49.4375
48.6875
48.125
47.625
47.1875
47.1875
48.75
55.0625
66.5625
76.5
81.875
85.875
90.0625
94.3125
98.3125
101.375
103.3125
103.8125
102.375
98.4375
91.5625
82.4375
72.5625
65.9375
67.125
70.5
69.625
67.875
66.25
64.0
62.4375
61.375
60.1875
58.9375
57.8125
56.625
55.375
54.4375
53.75
53.0625
52.625
52.1875
51.5625
50.875
50.125
49.4375
49.0
48.875
49.0625
51.0625
58.625
71.125
80.9375
87.125
92.125
96.8125
101.75
106.25
109.25
110.8125
110.75
108.125
102.75
95.3125
86.3125
76.3125
69.875
71.8125
75.375
73.8125
71.25
69.4375
67.125
65.1875
63.875
62.625
61.375
60.3125
59.1875
58.0
56.875
55.9375
55.25
54.625
54.0
53.3125
52.625
52.0625
51.4375
50.875
50.5625
50.5625
52.0625
59.125
71.9375
82.75
89.375
94.6875
99.4375
104.0
108.25
111.0
112.125
112.0
110.25
105.5625
98.0625
88.625
78.1875
71.125
72.5625
76.4375
75.1875
72.375
70.375
68.1875
66.4375
65.25
63.9375
62.25
60.875
59.75
58.625
57.625
56.75
56.0625
55.4375
54.75
53.9375
53.125
52.3125
51.5625
50.875
50.375
50.125
50.4375
53.875
63.8125
76.0
84.25
89.9375
94.1875
98.1875
102.5
105.9375
107.75
108.25
107.125
103.75
97.5625
88.9375
78.6875
69.4375
67.5
72.25
72.6875
69.5
67.4375
65.4375
63.375
62.1875
61.0
59.3125
57.9375
56.75
55.75
54.8125
53.75
52.9375
52.25
51.625
51.0
50.3125
49.6875
49.0625
48.5625
48.0
47.5625
47.5
48.6875
53.9375
65.1875
76.25
82.4375
86.375
90.0625
94.1875
98.0625
101.0625
102.75
102.6875
100.9375
96.9375
90.4375
81.625
71.6875
64.6875
65.8125
69.5
69.125
67.6875
65.8125
63.625
62.3125
61.375
60.1875
58.9375
57.75
56.6875
55.625
54.75
54.0
53.375
52.625
51.9375
51.1875
50.4375
49.75
49.0625
48.5
48.125
48.3125
49.75
55.625
67.25
78.0
85.25
91.0625
95.9375
100.75
105.1875
108.3125
110.0625
110.4375
109.0
104.75
97.3125
88.0
77.8125
70.125
70.375
74.6875
74.0625
71.3125
69.3125
66.9375
64.875
63.6875
62.5625
61.3125
60.1875
59.0625
57.8125
56.8125
56.0625
55.375
54.75
54.1875
53.5625
52.875
52.125
51.3125
50.625
50.1875
50.1875
51.4375
57.5625
69.8125
81.125
88.25
93.875
98.8125
103.6875
108.1875
111.125
112.5
112.75
110.9375
106.375
99.5625
90.8125
80.25
71.9375
72.0
76.25
75.5625
72.3125
70.125
67.875
66.0625
64.8125
63.5
62.0625
60.75
59.5625
58.5
57.4375
56.625
56.0
55.375
54.625
53.9375
53.125
52.375
51.6875
51.125
50.5625
50.25
50.8125
54.6875
65.375
78.0
86.125
92.0625
97.1875
101.625
106.1875
109.9375
111.875
112.125
110.75
106.875
100.375
91.75
81.0
70.9375
68.1875
72.625
73.8125
70.8125
68.375
66.0625
63.8125
62.3125
61.25
59.875
58.5
57.3125
56.3125
55.3125
54.3125
53.375
52.5625
51.875
51.1875
50.5
49.75
49.0625
48.375
47.75
47.3125
47.3125
48.6875
54.5
66.375
77.625
83.875
88.0
91.6875
95.75
99.8125
102.6875
104.125
104.0625
102.3125
98.0625
90.9375
81.5625
71.25
65.25
68.1875
71.6875
69.625
67.25
65.4375
63.75
62.5
61.1875
59.8125
58.6875
57.5625
56.3125
55.0625
54.0625
53.25
52.5625
52.0
51.5
51.0625
50.5
49.9375
49.4375
49.0
48.6875
48.875
50.125
55.0
65.25
75.6875
83.3125
89.0625
93.6875
98.1875
102.5625
106.1875
108.5625
109.3125
107.875
103.9375
97.4375
88.5625
78.375
70.3125
69.5625
73.75
73.8125
71.3125
69.25
66.9375
65.0625
63.8125
62.5625
61.125
59.875
58.75
57.625
56.5
55.5
54.75
54.25
53.6875
53.125
52.5625
51.875
51.25
50.625
50.1875
50.0
50.75
55.375
66.625
78.75
86.5625
92.25
97.375
102.0625
106.375
109.625
111.4375
111.9375
110.9375
107.625
101.375
92.625
82.375
73.125
70.8125
75.25
76.1875
73.1875
71.125
69.0625
66.8125
65.3125
64.0625
62.375
60.9375
59.75
58.625
57.5
56.5625
55.75
55.0625
54.375
53.6875
52.9375
52.3125
51.625
50.9375
50.4375
50.1875
50.5
53.125
62.125
75.1875
84.5625
90.8125
96.0625
100.5625
105.0625
108.9375
111.3125
112.3125
111.8125
109.25
103.4375
94.875
84.9375
74.6875
69.375
72.3125
74.5
71.625
69.0
67.0625
64.75
63.0625
61.8125
60.375
58.875
57.625
56.5625
55.5625
54.5625
53.5625
52.75
52.1875
51.5
50.75
50.0625
49.4375
48.6875
47.875
47.25
47.0
47.5625
50.6875
60.0
72.8125
81.4375
86.3125
90.1875
94.1875
98.4375
101.6875
103.625
104.5
103.8125
100.875
95.25
87.125
77.125
67.6875
65.3125
69.9375
70.625
68.0
66.25
64.25
63.0625
62.0625
60.375
58.6875
57.5625
56.6875
55.625
54.5625
53.625
52.9375
52.25
51.5
50.8125
50.25
49.6875
49.1875
48.75
48.25
48.0625
48.625
51.0
58.3125
69.5
78.625
85.1875
90.3125
94.6875
99.125
103.125
106.125
108.125
108.125
105.5
100.4375
93.375
84.125
73.75
67.125
68.625
72.1875
71.5
69.75
68.0625
65.875
64.3125
63.1875
61.75
60.3125
59.0625
57.75
56.5625
55.625
54.8125
54.0
53.1875
52.5
51.8125
51.125
50.5625
50.0625
49.5625
49.3125
49.375
50.6875
57.0625
69.4375
80.3125
87.25
92.875
97.8125
102.4375
106.8125
109.875
111.4375
111.5625
109.9375
105.75
98.6875
89.25
78.625
70.625
70.75
74.625
73.5625
70.75
69.125
67.1875
65.375
64.1875
62.8125
61.3125
60.0
58.9375
57.875
56.875
56.0
55.1875
54.4375
53.6875
53.0
52.3125
51.6875
51.0
50.3125
49.8125
49.5
49.875
53.0625
62.6875
75.4375
84.25
90.3125
95.4375
99.9375
104.5625
108.625
111.0625
111.875
111.1875
107.875
101.625
93.25
83.1875
73.125
68.875
72.75
75.125
72.625
70.375
68.5
66.25
64.3125
62.6875
60.8125
59.125
57.8125
56.625
55.375
54.1875
53.1875
52.3125
51.5
50.8125
50.125
49.4375
48.75
48.125
47.5
47.0
46.8125
47.5
51.8125
62.9375
75.6875
83.4375
88.125
91.9375
96.0625
100.3125
103.3125
104.8125
105.4375
104.4375
100.5
93.75
84.875
74.3125
65.8125
65.9375
71.1875
70.8125
68.0
66.375
64.5625
63.25
62.125
60.375
58.75
57.5
56.5
55.375
54.1875
53.1875
52.625
51.875
50.9375
50.0
49.3125
48.75
48.0625
47.5
47.0
46.75
47.0
48.875
55.4375
67.25
77.4375
83.6875
88.1875
92.5625
97.375
101.6875
104.75
106.625
107.0625
104.9375
99.875
92.625
83.4375
73.4375
66.625
67.75
71.0625
70.3125
68.6875
67.0
64.75
63.25
62.25
60.9375
59.625
58.5625
57.4375
56.375
55.4375
54.5625
53.8125
53.125
52.5
51.875
51.1875
50.4375
49.6875
49.0
48.5625
48.4375
49.5
54.875
66.75
78.375
85.625
91.25
96.1875
101.125
105.75
109.0
110.4375
110.6875
109.0625
104.5625
97.5
88.75
78.625
70.0625
69.375
73.625
73.4375
71.0
69.4375
67.375
65.3125
64.0
62.625
61.0
59.625
58.625
57.5625
56.5625
55.6875
54.9375
54.3125
53.625
52.875
52.1875
51.4375
50.6875
50.0625
49.5
49.25
49.5625
52.5
62.0
74.8125
83.6875
89.8125
94.9375
99.4375
104.0
107.8125
110.0625
111.0625
110.5625
107.375
101.4375
93.1875
83.1875
73.0625
68.4375
71.25
72.75
70.25
68.125
66.1875
63.875
62.3125
61.125
59.625
58.375
57.8125
58.1875
61.25
68.875
77.625
81.5625
83.5
85.5
86.8125
87.375
86.3125
83.0625
78.1875
71.9375
64.5625
57.875
56.875
61.3125
62.8125
60.5625
59.125
57.875
56.8125
56.25
55.375
54.0
52.875
51.875
51.0
50.0
49.25
48.5625
48.0
47.4375
46.875
46.25
45.625
45.125
44.625
44.1875
43.625
43.3125
42.8125
42.1875
41.6875
41.375
41.1875
40.9375
40.8125
40.75
40.6875
40.6875
40.6875
40.875
41.6875
45.4375
55.9375
69.625
79.375
85.9375
91.1875
97.0
103.625
109.4375
112.5
112.125
109.75
106.8125
101.625
93.3125
83.6875
74.375
69.875
72.875
74.9375
72.625
70.625
68.6875
66.3125
64.5
63.25
61.875
60.5
59.125
57.8125
56.6875
55.6875
54.6875
53.8125
53.125
52.5625
51.9375
51.25
50.625
50.125
49.625
49.0625
48.5
47.9375
47.5
47.0625
46.5625
46.25
46.3125
47.625
53.5625
65.8125
77.0625
84.1875
89.6875
94.3125
99.3125
104.3125
107.875
109.4375
109.75
108.3125
104.1875
97.3125
88.4375
78.1875
69.8125
69.3125
73.625
73.375
70.5625
68.9375
66.875
64.625
63.0625
61.6875
60.1875
58.8125
57.75
56.75
55.75
54.875
54.0
53.25
52.5
51.875
51.25
50.625
50.0
49.4375
49.0625
49.1875
51.4375
59.0625
71.1875
80.5
86.6875
91.625
95.8125
99.9375
103.875
106.25
107.1875
106.8125
104.6875
99.625
91.5
81.5
71.125
65.375
68.0625
70.9375
68.8125
66.4375
64.5625
62.4375
61.0
59.8125
58.5625
58.5625
60.375
64.875
72.0625
76.5
77.625
78.4375
78.6875
77.8125
75.75
72.0625
67.125
61.25
55.125
51.8125
54.25
57.5625
56.875
55.125
54.25
53.25
52.625
52.125
51.125
50.125
49.375
48.5625
47.625
46.8125
46.0625
45.5625
45.0625
44.625
44.125
43.625
43.125
42.625
42.1875
41.75
41.4375
41.25
40.875
40.375
39.875
39.5
39.3125
39.1875
39.0625
38.9375
38.8125
38.75
39.0
39.875
43.8125
54.875
69.25
79.0
84.875
89.625
95.375
102.0
107.8125
110.25
109.0
106.9375
104.8125
99.9375
92.0625
82.4375
72.625
67.75
71.125
74.125
71.75
69.625
67.9375
65.625
63.75
62.5
61.125
59.75
58.375
57.125
55.875
54.8125
53.8125
53.0
52.25
51.625
50.875
50.25
49.625
49.0
48.4375
48.0
47.5625
47.0625
46.6875
46.375
46.0
45.625
45.1875
44.75
44.25
43.75
43.3125
43.0
43.0
44.125
50.0
62.75
74.6875
82.125
87.8125
92.75
98.0
103.4375
107.5625
109.875
110.1875
107.8125
103.0
96.625
88.625
78.875
70.0
67.8125
72.0
73.125
70.5
68.3125
66.25
64.0
62.4375
61.125
59.75
58.3125
57.1875
56.3125
55.4375
54.5625
53.75
53.0
52.375
51.75
51.125
50.4375
49.6875
49.0
48.375
47.8125
47.3125
47.125
47.5625
51.3125
61.3125
72.875
80.5
86.0
90.125
93.75
97.625
100.75
102.5625
102.875
101.625
98.3125
92.1875
83.8125
73.8125
64.75
62.625
67.0
68.0
65.5625
63.8125
61.8125
59.9375
58.75
57.6875
56.3125
55.0
53.8125
52.8125
51.9375
51.0625
50.25
49.5625
48.875
48.25
47.75
47.125
46.5
45.9375
45.3125
44.8125
44.625
45.0
47.625
55.8125
67.75
76.375
81.125
84.625
88.125
92.0
95.375
97.6875
98.75
98.0
95.25
89.75
81.9375
72.5
63.5625
60.75
64.6875
65.8125
64.0625
63.1875
61.5
59.8125
58.8125
57.75
56.5625
55.5
54.5625
53.625
52.8125
52.125
51.4375
50.875
50.25
49.625
49.0
48.25
47.5
46.8125
46.3125
46.0
46.1875
48.0
54.5
65.5
74.8125
81.5
87.0
91.6875
96.3125
100.4375
103.5
105.5625
105.75
103.25
98.5
91.625
82.9375
73.125
65.875
66.625
71.0
70.5625
67.9375
65.875
63.6875
61.9375
61.0
60.0
58.6875
57.6875
56.75
55.625
54.5625
53.625
52.875
52.3125
51.8125
51.25
50.5625
49.9375
49.25
48.5625
48.0625
47.875
48.5
52.75
63.4375
75.25
82.875
88.625
93.4375
97.9375
102.5
105.9375
107.8125
108.5
107.625
104.1875
97.875
89.625
80.0
70.9375
67.875
71.8125
73.3125
70.6875
68.5625
66.625
64.375
62.8125
61.6875
60.25
58.875
57.75
56.75
55.8125
55.0
54.1875
53.375
52.75
52.1875
51.5
50.8125
50.125
49.4375
48.8125
48.4375
48.375
49.875
56.375
68.5
78.75
85.375
90.5625
94.75
98.75
102.625
105.1875
106.1875
106.0
103.8125
99.25
92.4375
83.25
72.75
65.625
66.9375
70.9375
69.4375
66.6875
64.875
62.625
61.0
60.0
58.75
57.3125
56.0
54.875
53.9375
53.0625
52.1875
51.375
50.625
50.0
49.375
48.75
48.1875
47.5625
46.9375
46.375
46.125
46.3125
48.0
54.5625
66.5625
76.625
82.0625
85.6875
89.4375
93.4375
96.875
99.25
100.75
100.5625
98.0
93.0625
86.0
77.3125
68.4375
63.4375
66.0
68.6875
67.25
65.6875
63.75
61.75
60.6875
59.6875
58.4375
57.25
56.25
55.25
54.375
53.375
52.5625
51.875
51.25
50.5625
49.875
49.25
48.5625
47.8125
47.1875
46.8125
46.9375
48.3125
53.8125
65.0
75.625
82.875
88.6875
93.5
98.0625
102.3125
105.6875
107.875
108.375
106.9375
102.875
95.75
86.6875
76.9375
68.875
67.875
71.9375
71.9375
69.5625
68.0625
65.9375
63.875
62.625
61.5
60.0625
58.8125
57.8125
56.8125
55.875
54.9375
54.1875
53.4375
52.75
52.0625
51.375
50.625
49.9375
49.25
48.8125
48.625
49.1875
52.6875
62.625
74.75
83.0
89.0625
94.1875
98.75
103.25
106.875
108.9375
109.6875
109.1875
106.3125
100.5625
92.375
82.25
72.4375
69.0625
72.9375
74.25
71.375
69.25
67.4375
65.1875
63.625
62.375
60.9375
59.625
58.5625
57.5
56.5
55.5625
54.8125
54.0625
53.3125
52.625
51.9375
51.25
50.5625
49.8125
49.3125
49.0
49.125
50.8125
57.625
69.8125
80.1875
87.0
92.3125
96.5
100.625
104.6875
107.375
108.5625
108.1875
106.125
101.4375
93.9375
84.3125
73.75
66.5625
67.9375
71.75
70.0625
67.375
65.75
63.625
62.0625
61.125
59.875
58.25
56.875
55.75
54.75
53.875
52.8125
52.0
51.25
50.5
49.875
49.25
48.8125
48.625
49.5
53.75
63.9375
75.25
81.8125
85.6875
89.25
93.0625
96.625
99.125
100.3125
100.5
99.1875
95.1875
88.375
79.375
69.5625
63.375
65.5625
69.1875
67.6875
65.625
64.0625
62.5
61.8125
60.5625
58.9375
57.625
56.5625
55.5
54.375
53.3125
52.625
52.125
51.5625
50.9375
50.3125
49.875
49.75
50.3125
52.6875
60.0
71.0
79.8125
86.125
91.0625
95.3125
99.625
103.375
105.8125
107.0625
106.8125
104.0625
98.75
91.125
81.4375
71.875
67.4375
70.5625
73.1875
71.4375
69.4375
67.3125
64.9375
63.375
62.25
60.8125
59.4375
58.1875
56.9375
55.8125
54.875
54.0625
53.3125
52.6875
52.1875
51.6875
51.1875
50.6875
50.1875
49.625
49.0625
48.5
48.0
47.4375
46.875
46.375
46.125
46.25
48.3125
56.3125
69.625
80.0625
87.0
93.0
98.375
103.6875
108.6875
112.125
114.0
114.0625
112.0
107.25
99.8125
90.5625
80.125
71.9375
71.9375
75.875
74.875
71.875
69.9375
67.4375
64.8125
63.0625
61.6875
60.0
58.4375
57.3125
56.3125
55.375
54.375
53.4375
52.625
51.9375
51.25
50.5
49.8125
49.125
48.4375
47.75
47.375
47.4375
49.1875
56.125
68.4375
78.4375
83.75
87.5625
91.1875
95.0625
98.4375
100.5
101.6875
101.5625
99.25
94.0
86.75
77.625
68.0625
63.875
68.0625
70.5
67.9375
66.0
64.125
62.5625
61.75
60.5625
59.0625
57.75
56.625
55.5
54.3125
53.4375
52.5625
51.6875
50.6875
50.0625
49.625
49.25
48.9375
48.5625
48.125
47.8125
47.875
48.875
52.8125
62.125
72.75
80.375
86.1875
90.8125
95.1875
99.6875
103.4375
106.0625
107.25
106.5625
103.3125
97.4375
89.375
79.8125
70.9375
67.6875
71.3125
73.25
71.375
69.4375
67.1875
65.0
63.6875
62.5
61.0
59.6875
58.4375
57.25
56.0625
55.0625
54.1875
53.375
52.6875
52.0625
51.4375
50.9375
50.375
49.875
49.4375
49.1875
49.375
51.1875
58.25
70.4375
80.375
86.9375
92.3125
96.75
101.125
105.1875
107.9375
109.25
109.3125
107.4375
103.1875
96.4375
87.125
76.5625
69.375
70.5
74.4375
73.125
70.375
68.625
66.5625
64.6875
63.375
62.1875
60.75
59.4375
58.3125
57.3125
56.3125
55.5
54.75
54.0625
53.375
52.6875
52.0
51.3125
50.5625
49.9375
49.4375
49.125
49.375
51.8125
60.1875
72.8125
82.125
88.375
93.5625
97.9375
102.4375
106.5
109.125
110.4375
110.25
107.625
101.75
93.4375
83.4375
73.125
67.125
69.5625
72.5625
70.375
67.875
66.25
64.125
62.375
61.1875
59.8125
58.3125
57.0625
55.875
54.8125
53.8125
52.8125
52.0625
51.4375
50.8125
50.125
49.375
48.625
47.9375
47.25
46.75
46.4375
46.75
49.25
57.125
69.4375
78.625
83.8125
87.5
91.125
94.9375
98.4375
100.875
102.0625
101.625
99.25
94.3125
86.75
77.1875
67.5
63.8125
67.875
69.625
67.4375
65.625
63.9375
62.375
61.25
59.75
58.4375
57.4375
56.3125
55.25
54.25
53.3125
52.6875
52.125
51.625
51.0625
50.625
50.0625
49.5
48.9375
48.375
47.875
47.8125
48.6875
52.8125
62.4375
73.0
80.75
86.6875
91.375
95.875
100.375
104.125
106.75
108.125
107.8125
104.375
97.6875
89.3125
79.9375
71.4375
68.5625
71.9375
72.9375
70.5625
68.625
66.5
64.375
63.125
62.0
60.625
59.3125
58.0625
56.9375
55.875
55.0
54.3125
53.75
53.1875
52.5625
52.0
51.375
50.6875
50.0625
49.5
49.125
49.1875
50.9375
57.8125
69.9375
79.9375
86.375
91.9375
96.75
101.375
105.75
108.75
110.1875
110.25
108.1875
103.5
96.375
87.3125
77.1875
69.8125
70.8125
75.0
74.0
71.25
69.25
66.875
64.875
63.5625
62.1875
60.75
59.5
58.5
57.5
56.5
55.6875
54.9375
54.3125
53.625
52.9375
52.1875
51.4375
50.8125
50.25
49.75
49.375
49.5
51.625
59.4375
71.875
81.5
87.875
93.4375
98.0625
102.375
106.5625
109.4375
110.5
110.0
107.875
103.125
95.375
85.5
74.875
68.25
70.25
73.5625
71.375
68.625
66.75
64.5625
62.8125
61.5625
60.125
58.5625
57.25
56.0625
55.0
54.0625
53.1875
52.5
51.8125
51.125
50.5
49.875
49.125
48.4375
47.6875
47.125
46.75
46.75
48.3125
54.5
66.4375
77.125
83.125
87.0625
90.5625
94.5625
98.4375
101.125
102.4375
102.4375
100.75
96.625
89.5
80.125
70.125
64.25
66.9375
70.0625
68.125
66.0
64.3125
62.875
61.875
60.375
58.8125
57.75
56.875
55.75
54.625
53.625
52.8125
52.25
51.6875
51.1875
50.6875
50.25
49.6875
49.125
48.5625
48.0625
47.9375
48.5
51.5
59.875
70.6875
78.875
85.0625
89.9375
94.625
99.3125
103.3125
106.3125
108.0
107.75
105.0625
100.0
92.25
82.625
72.75
68.0625
71.1875
74.0
72.0625
69.75
67.5
64.9375
63.375
62.3125
61.0
59.6875
58.625
57.5625
56.5625
55.6875
54.875
54.1875
53.5625
52.8125
52.125
51.5
51.0
50.4375
49.8125
49.4375
49.375
50.25
55.0
66.0625
77.375
84.8125
90.5625
95.375
100.0
104.625
108.0625
110.0
110.625
109.625
106.0625
99.75
91.3125
81.375
72.25
70.0625
74.0
74.5
71.75
69.9375
68.0
65.8125
64.375
63.125
61.5
60.125
58.9375
57.8125
56.75
55.8125
55.0625
54.4375
53.6875
53.0
52.3125
51.6875
51.0625
50.4375
49.875
49.5625
49.625
50.8125
56.4375
68.0
78.9375
86.1875
91.875
96.625
101.1875
105.5625
108.75
110.375
110.5625
109.0
104.8125
97.75
88.5
77.9375
69.5625
69.125
73.125
72.3125
69.25
67.25
65.0625
63.0
61.625
60.375
58.8125
57.5
56.375
55.25
54.25
53.25
52.375
51.625
50.9375
50.375
49.75
49.1875
48.9375
49.3125
52.25
61.0
73.0
81.0
85.5
89.0625
92.5
96.1875
99.0625
100.75
101.0625
99.8125
96.4375
90.4375
82.1875
72.5625
64.8125
64.9375
69.25
68.8125
66.5
64.75
62.8125
61.6875
60.625
59.25
58.1875
56.8125
55.3125
53.9375
53.0625
52.3125
51.6875
51.0625
50.4375
49.75
49.3125
49.125
49.625
51.625
57.8125
68.625
78.1875
84.5625
89.4375
93.6875
98.0
102.0
104.9375
106.8125
106.8125
104.25
99.3125
92.1875
83.125
73.3125
67.125
68.875
72.0
71.125
69.625
67.8125
65.5
64.0625
63.25
62.0
60.75
59.625
58.375
57.125
56.125
55.125
54.1875
53.3125
52.625
52.0625
51.625
51.4375
52.1875
56.625
67.5625
79.4375
87.0
92.5625
97.375
101.875
106.25
109.3125
110.6875
110.625
109.0625
105.0625
98.5
89.75
79.5625
71.4375
70.9375
74.4375
73.625
71.0625
69.4375
67.5
65.6875
64.5
63.25
61.6875
60.375
59.3125
58.1875
57.1875
56.375
55.5625
54.8125
54.1875
53.5
52.75
52.0625
51.5
50.9375
50.375
49.8125
49.3125
48.875
48.4375
47.9375
47.4375
47.0
46.625
46.1875
45.875
45.875
47.1875
53.5625
66.75
78.8125
86.5
92.6875
98.0625
103.4375
108.4375
111.875
113.9375
114.625
113.0
108.5
101.8125
93.125
82.1875
71.9375
69.125
73.5625
74.5
71.3125
69.0
66.875
64.8125
63.4375
62.0625
60.375
58.875
57.625
56.625
55.6875
54.6875
53.6875
52.9375
52.1875
51.5
50.8125
50.125
49.375
48.5625
47.8125
47.125
46.6875
46.6875
47.625
51.625
61.4375
72.8125
79.625
83.625
87.3125
91.0625
94.75
97.625
99.0625
99.4375
98.4375
95.1875
89.1875
80.8125
71.0625
63.9375
65.0
68.5625
67.1875
65.375
64.25
62.625
61.625
60.5625
59.1875
57.9375
56.75
55.5625
54.5625
53.75
53.0
52.5
51.9375
51.3125
50.75
50.125
49.5
48.875
48.25
47.6875
47.3125
47.375
49.0625
55.1875
66.25
76.125
83.1875
88.8125
93.625
98.5625
103.125
106.375
108.375
109.0625
107.5
103.0
96.125
87.375
77.5
69.8125
70.125
74.0625
73.5
71.0625
69.25
66.8125
64.5
63.0625
61.8125
60.5625
59.5
58.5625
57.5
56.5625
55.875
55.125
54.5
54.0
53.5625
52.875
52.1875
51.5625
51.0
50.4375
50.1875
50.9375
55.625
66.75
78.5
85.9375
91.4375
96.125
100.5625
105.0625
108.4375
110.1875
110.6875
109.8125
106.375
100.0
91.3125
81.3125
72.75
71.25
75.5625
76.0
73.0625
70.875
68.6875
66.5625
65.3125
64.125
62.4375
60.9375
59.8125
58.6875
57.625
56.8125
56.1875
55.5
54.875
54.125
53.375
52.75
52.125
51.5
51.0
50.6875
50.75
52.25
58.875
71.3125
81.875
88.625
93.875
98.25
102.6875
107.0625
109.6875
110.3125
109.75
107.8125
103.625
96.4375
86.8125
75.8125
67.9375
69.0625
73.3125
72.3125
69.5
67.5
65.1875
63.3125
62.1875
60.9375
59.5
58.5
58.4375
60.125
66.0
74.9375
80.125
82.0
84.0
85.5
86.25
85.75
83.4375
79.5
73.875
66.75
59.5625
56.5
60.1875
63.5
62.0
60.0625
58.8125
57.625
57.125
56.5
55.3125
54.125
53.125
51.9375
50.8125
49.875
49.1875
48.625
48.125
47.625
47.1875
46.875
46.25
45.5
44.8125
44.375
44.0
43.5625
43.3125
43.25
43.125
43.0
42.8125
42.75
42.6875
42.5
42.4375
42.5625
43.9375
50.0
62.3125
74.5625
83.3125
89.6875
95.0
101.0625
107.0625
111.4375
113.4375
113.0
110.625
106.75
100.8125
92.0625
81.5
72.5
71.5625
76.5
76.875
74.0625
72.0625
69.625
67.25
65.625
64.25
63.0625
62.0
60.6875
59.3125
58.125
57.125
56.375
55.8125
55.375
54.8125
54.0625
53.4375
52.8125
52.0
51.3125
50.9375
50.5625
50.1875
49.6875
49.1875
49.25
52.25
62.125
75.375
84.3125
89.9375
94.6875
99.5
104.625
108.875
111.1875
112.0625
111.625
108.875
103.1875
95.1875
85.625
75.8125
70.625
73.75
76.75
74.6875
72.1875
70.0625
67.8125
66.1875
65.1875
63.75
62.125
61.0625
59.9375
58.625
57.625
57.0
56.625
56.1875
55.5
54.625
53.6875
52.8125
52.125
51.625
51.1875
51.0
51.375
54.75
64.6875
76.5
84.125
89.5625
94.125
97.875
101.5625
104.6875
106.4375
106.9375
105.8125
102.625
96.625
88.0625
77.9375
68.625
66.25
70.8125
71.875
68.8125
66.625
64.75
62.9375
61.8125
60.625
59.125
57.875
56.75
55.625
54.4375
53.1875
52.25
51.5625
50.9375
50.3125
49.8125
49.4375
49.0625
48.4375
47.625
46.9375
46.75
47.8125
52.6875
63.5
74.625
81.25
85.25
88.9375
92.75
96.125
98.625
100.125
100.5625
99.5625
96.375
90.3125
81.625
71.625
64.0625
64.25
68.4375
68.25
66.625
65.375
63.4375
62.0625
61.0
59.8125
58.75
57.8125
56.5625
55.375
54.375
53.625
52.9375
52.125
51.5625
51.0625
50.4375
49.8125
49.25
48.75
48.375
48.3125
50.0
56.625
68.375
78.625
85.375
90.625
95.1875
99.9375
104.5625
107.8125
109.9375
110.6875
109.1875
104.375
96.75
87.75
77.9375
70.0
70.125
74.5625
74.0625
71.3125
69.5
67.5625
65.8125
64.8125
63.6875
62.3125
61.0
59.625
58.375
57.375
56.4375
55.625
54.875
54.1875
53.5625
53.0
52.4375
51.75
51.1875
50.6875
50.5
52.4375
59.8125
72.4375
82.6875
89.0
93.875
98.4375
103.1875
107.4375
110.125
111.5
111.3125
108.625
103.1875
95.625
86.8125
77.375
70.8125
71.875
75.3125
73.875
71.125
68.9375
66.1875
63.875
62.4375
60.9375
59.25
57.875
56.6875
55.1875
53.9375
53.25
52.75
52.1875
51.75
51.375
50.625
49.6875
48.6875
47.625
47.0
46.9375
47.5625
50.8125
60.125
72.8125
81.0625
85.375
88.75
92.5625
96.875
100.3125
102.6875
103.875
103.25
100.25
94.4375
86.0625
76.125
66.8125
64.625
69.875
71.375
68.625
66.625
64.6875
63.1875
62.125
60.75
59.375
58.375
57.375
56.375
55.375
54.3125
53.125
51.9375
51.375
51.0
50.5
50.0
49.625
49.375
49.0625
48.9375
49.625
52.5625
60.4375
70.875
79.1875
85.75
90.9375
95.4375
99.8125
103.5625
106.375
108.125
108.125
105.8125
100.625
92.625
82.6875
72.8125
67.8125
70.4375
73.3125
71.875
69.9375
68.125
65.9375
64.375
63.1875
61.9375
60.625
59.625
58.5
57.1875
55.9375
54.9375
54.3125
53.625
52.9375
52.375
52.0625
51.5625
51.0
50.5625
50.375
50.75
53.875
63.4375
75.875
84.375
90.25
95.125
99.8125
104.4375
108.25
110.5625
111.6875
111.25
107.8125
101.875
94.1875
84.5
74.625
70.5
74.375
77.125
74.5
71.75
69.6875
67.5
65.9375
64.75
63.375
61.875
60.6875
59.5625
58.3125
57.3125
56.5
55.8125
55.0625
54.25
53.625
53.0
52.1875
51.5
51.0625
50.75
50.8125
52.375
59.0
71.375
81.9375
88.5625
93.3125
97.25
101.375
105.25
107.5
108.25
107.6875
105.25
100.4375
93.4375
84.25
73.75
66.4375
68.1875
72.25
70.75
68.1875
66.6875
64.8125
63.0625
61.8125
60.375
58.9375
57.9375
57.125
56.0
54.5625
53.25
52.375
51.625
50.9375
50.5
50.0625
49.4375
48.75
47.875
47.25
47.1875
47.9375
51.375
60.875
72.875
80.6875
85.3125
89.375
93.375
96.875
99.4375
101.0
101.6875
100.9375
98.375
93.625
86.125
76.3125
67.1875
65.0
68.625
68.875
67.125
66.25
64.8125
63.625
62.8125
61.625
60.0625
58.5625
57.125
55.875
55.0625
54.4375
53.75
53.125
52.3125
51.4375
50.5625
49.6875
48.75
48.1875
47.9375
47.875
48.75
53.25
63.75
74.75
82.0
87.375
92.25
97.25
102.125
105.5
107.4375
108.1875
106.75
102.6875
96.3125
87.8125
77.6875
68.625
67.0625
71.9375
72.5625
69.6875
67.875
65.9375
64.125
63.0625
61.8125
60.25
59.0
57.9375
56.75
55.625
54.875
54.1875
53.4375
52.6875
52.0
51.375
50.75
49.9375
49.25
48.8125
48.75
49.625
53.9375
64.6875
76.5
84.0
89.5625
94.625
99.4375
103.875
107.1875
109.0625
109.625
108.5625
105.375
99.625
91.3125
81.1875
71.625
68.8125
72.875
73.6875
71.1875
69.5625
67.8125
65.625
64.1875
62.75
61.0625
59.625
58.5
57.5
56.5625
55.75
55.0
54.3125
53.625
52.8125
52.0
51.375
50.75
50.125
49.625
49.5
50.375
55.1875
66.4375
78.125
85.5625
91.0625
95.8125
100.3125
104.75
107.9375
109.6875
110.25
109.1875
105.5625
99.1875
90.125
79.4375
70.625
69.625
73.9375
74.0625
71.1875
69.25
67.375
65.625
64.4375
63.1875
61.5625
60.1875
59.1875
58.1875
57.0625
56.1875
55.5
54.875
54.25
53.5625
52.875
52.3125
51.75
51.1875
50.6875
50.375
51.0
55.0625
65.875
77.9375
85.6875
91.25
96.0
100.4375
105.0
108.625
110.625
111.125
110.0
106.5
99.875
90.625
79.8125
70.3125
68.25
72.375
72.8125
69.8125
67.8125
65.625
63.5625
62.375
61.3125
59.9375
58.5625
57.3125
55.9375
54.9375
54.125
52.9375
51.8125
50.875
50.375
50.0
49.375
48.5
47.5625
46.875
46.5
46.8125
48.875
56.375
69.0
78.6875
83.875
87.5
91.0625
95.0
98.5625
100.75
101.625
101.25
98.9375
93.875
86.125
76.3125
66.875
63.8125
68.3125
70.0
67.6875
66.0625
64.25
62.75
62.0
60.8125
59.5
58.3125
57.25
56.1875
55.1875
54.4375
53.875
53.3125
52.6875
52.0625
51.4375
50.6875
49.8125
49.0625
48.4375
48.25
49.0
52.375
61.1875
72.25
80.375
86.4375
91.5625
96.3125
100.875
104.9375
107.875
109.5
109.125
105.9375
99.8125
91.625
82.1875
72.6875
68.4375
71.6875
73.625
71.4375
69.4375
67.375
65.25
64.0
62.9375
61.625
60.3125
58.875
57.375
56.3125
55.4375
54.8125
54.1875
53.5625
52.8125
52.25
51.5625
50.8125
50.1875
49.625
49.4375
50.125
54.6875
65.9375
77.8125
85.125
90.6875
95.5625
100.0625
104.4375
107.9375
109.8125
110.25
108.875
104.8125
98.1875
89.6875
79.5
70.625
69.1875
73.25
73.5
71.0625
69.25
67.0625
65.0
63.75
62.75
61.3125
59.9375
58.75
57.5625
56.625
55.875
55.0625
54.1875
53.4375
52.875
52.4375
53.0
57.3125
68.0
79.6875
86.375
91.0625
95.1875
98.8125
102.625
105.625
106.625
105.875
103.25
98.375
91.25
82.125
72.0625
66.4375
68.9375
71.625
69.25
66.5
64.5
62.25
60.6875
59.6875
58.4375
56.9375
55.6875
54.625
53.5625
52.625
51.875
51.1875
50.5625
49.9375
49.3125
48.625
47.9375
47.3125
46.5625
45.8125
45.125
44.5625
44.0625
43.6875
43.375
43.25
43.75
47.1875
57.25
70.5625
79.5
84.3125
88.125
92.5625
97.5
101.5625
104.4375
105.625
104.3125
100.625
95.0625
87.625
78.4375
69.0
65.25
69.5
71.3125
68.4375
66.5625
64.75
62.875
61.75
60.625
59.3125
58.0
56.8125
55.5625
54.5625
53.6875
53.0625
52.5
51.875
51.1875
50.5625
49.875
49.125
48.4375
47.75
47.3125
47.375
49.3125
56.25
67.625
77.0625
83.6875
88.875
93.0625
97.4375
101.5
104.5
106.1875
106.4375
104.1875
99.125
91.625
81.875
71.875
66.3125
68.8125
72.5
71.125
68.5625
66.375
63.875
62.1875
61.3125
60.1875
59.0625
58.125
56.9375
55.8125
54.8125
53.8125
53.0
52.4375
52.0
51.375
50.6875
50.0
49.375
48.875
48.5625
48.625
50.5
58.0625
70.8125
80.6875
86.8125
91.8125
96.3125
100.6875
104.625
107.5625
109.1875
109.25
107.0625
102.3125
94.6875
84.75
74.5
68.4375
70.4375
73.5
71.9375
69.375
67.625
65.6875
64.0
62.75
61.4375
60.125
58.875
57.8125
56.6875
55.6875
54.75
53.875
53.1875
52.625
52.0625
51.4375
50.875
50.3125
49.5625
48.9375
48.75
49.9375
56.0625
68.25
79.0
85.375
90.0
93.6875
97.375
101.4375
104.4375
105.375
104.9375
103.3125
98.9375
91.75
82.5625
72.25
64.8125
65.875
70.125
69.1875
66.375
64.5
62.4375
60.875
59.875
58.5625
57.0625
55.625
54.5
53.5625
52.5625
51.75
51.0625
50.3125
49.5
48.75
48.0
47.3125
46.8125
46.4375
46.0
45.75
46.0
48.4375
56.625
68.875
77.5625
82.125
85.4375
89.125
93.1875
96.625
98.8125
99.875
99.5
97.25
92.25
84.4375
74.625
65.4375
62.3125
66.1875
67.75
65.8125
64.4375
62.625
60.9375
59.9375
58.875
57.6875
56.625
55.4375
54.375
53.25
52.1875
51.4375
51.0
50.5625
50.0
49.4375
48.8125
48.0
47.125
46.5625
46.625
47.5625
51.8125
61.9375
73.0625
80.6875
86.5
91.25
95.625
99.9375
103.5625
106.0
107.0
105.5625
101.4375
95.375
87.625
78.125
69.0625
66.0625
69.9375
71.6875
69.5
67.5
65.5625
63.4375
62.0625
61.1875
60.0625
58.9375
57.9375
56.6875
55.5
54.625
53.8125
53.125
52.5625
52.0625
51.5625
50.875
50.1875
49.3125
48.5625
48.25
49.0625
53.25
63.8125
75.875
83.5625
88.875
93.5
98.25
103.0
106.4375
108.125
108.625
107.5625
103.8125
97.4375
89.125
79.5
70.75
68.625
72.5625
73.5625
70.9375
68.875
66.6875
64.625
63.4375
62.375
60.9375
59.5
58.3125
57.1875
56.125
55.3125
54.5
53.75
53.1875
52.5
51.75
51.0625
50.375
49.8125
49.375
49.0625
49.125
51.5
59.75
71.6875
80.25
86.25
91.1875
95.0625
98.875
102.4375
104.5
104.9375
104.25
101.625
96.3125
88.5625
78.875
68.9375
64.0625
67.5
70.3125
67.9375
65.625
63.875
62.0625
61.125
60.3125
58.875
57.875
58.0
59.8125
65.5625
72.8125
76.25
77.6875
79.3125
80.125
79.75
77.9375
74.25
69.125
62.875
56.25
52.8125
55.625
59.3125
58.5625
56.8125
55.625
54.4375
53.9375
53.4375
52.5
51.5625
50.625
49.625
48.625
48.0
47.3125
46.5
45.75
45.375
45.125
44.8125
44.4375
44.1875
44.0
43.75
43.5
43.3125
43.125
42.8125
42.4375
41.9375
41.4375
41.125
40.8125
40.6875
40.8125
41.5
44.8125
54.625
67.6875
77.625
84.75
90.4375
96.4375
102.9375
108.6875
111.9375
111.625
109.3125
105.75
100.3125
93.0
83.875
74.25
69.875
73.125
75.3125
72.6875
70.125
68.0
65.625
63.9375
62.875
61.8125
60.75
59.6875
58.5625
57.375
56.375
55.5
54.75
54.0625
53.5
52.9375
52.375
51.75
51.125
50.4375
49.6875
48.9375
48.375
47.875
47.4375
47.0
46.8125
46.9375
49.1875
57.75
71.0625
80.9375
87.0
92.0625
96.75
101.5
105.875
109.0
110.5625
110.8125
108.375
102.4375
94.125
84.5
74.375
68.3125
70.375
73.5625
71.9375
69.5
67.5625
65.0625
62.8125
61.25
59.8125
58.25
56.75
55.5
54.3125
53.3125
52.5625
51.75
51.0
50.3125
49.625
48.9375
48.25
47.5
46.75
46.125
45.8125
46.0
48.0
55.5625
68.0
77.375
82.1875
85.625
89.125
93.125
96.75
98.9375
99.875
99.4375
96.5625
91.25
83.9375
74.6875
65.375
62.125
66.6875
68.75
66.4375
64.4375
62.5
61.0625
60.125
58.875
57.8125
57.0
56.0
54.8125
53.625
52.5
51.375
50.4375
50.0
49.625
49.1875
48.625
48.0625
47.5
47.125
47.0
47.4375
49.75
56.875
67.75
76.5
82.6875
87.1875
91.1875
95.625
99.75
102.8125
104.9375
105.375
102.875
97.4375
90.3125
81.5
72.0625
66.125
67.8125
71.125
70.3125
68.625
66.9375
64.5625
62.6875
61.375
60.1875
59.125
58.1875
57.125
56.125
55.125
54.1875
53.4375
52.6875
52.125
51.625
51.0
50.3125
49.75
49.5
49.375
49.625
52.1875
60.8125
73.0625
81.875
88.1875
93.4375
97.75
101.9375
105.625
107.875
108.875
108.8125
106.4375
100.8125
92.8125
83.125
73.25
68.25
71.4375
74.25
72.0625
69.6875
67.8125
65.6875
64.125
63.0625
61.75
60.4375
59.25
58.125
57.0625
56.0625
55.25
54.5625
53.9375
53.25
52.5
51.75
51.125
50.6875
50.0625
49.5625
49.6875
51.4375
58.5
71.0
81.5
88.125
93.375
97.75
102.125
106.375
109.1875
110.5625
110.75
108.6875
103.5
95.625
85.875
75.375
68.0
68.8125
72.4375
71.3125
68.5
66.75
64.8125
62.875
61.375
59.9375
58.4375
57.125
56.0625
54.9375
53.6875
52.5625
51.75
51.0
50.375
49.8125
49.25
48.625
48.0
47.375
46.75
46.3125
46.625
49.4375
58.25
70.625
79.25
84.0625
87.75
91.5
95.4375
98.75
100.875
101.5625
100.75
97.9375
92.375
84.125
74.1875
65.25
63.5625
68.25
69.0625
66.75
64.875
62.9375
61.8125
61.3125
60.0625
58.5625
57.0625
55.8125
54.6875
53.5625
52.75
52.125
51.5
51.0
50.5
50.0
49.4375
48.9375
48.4375
48.0625
48.125
49.0
52.375
61.0625
71.75
79.6875
85.8125
90.75
95.25
99.6875
103.25
105.5625
106.75
106.1875
103.125
97.6875
90.1875
80.4375
70.75
66.75
70.1875
72.25
70.4375
68.8125
67.0
64.8125
63.4375
62.375
61.0625
59.8125
58.75
57.5625
56.5
55.4375
54.5
53.8125
53.25
52.6875
52.125
51.5625
51.0
50.5
50.0
49.75
50.25
53.8125
63.9375
76.375
84.6875
90.625
95.6875
99.8125
104.0625
107.8125
110.0
110.625
109.875
106.9375
101.0625
92.625
82.5
73.0625
69.6875
73.6875
75.75
73.5
71.25
69.125
66.9375
65.5
64.3125
62.9375
61.8125
61.5625
63.25
68.9375
78.25
84.625
87.3125
89.5625
91.5
92.5
92.375
90.625
86.875
81.5625
74.8125
67.375
62.3125
63.3125
67.1875
67.375
64.875
63.0625
61.6875
60.4375
59.625
58.75
57.1875
55.6875
54.625
53.625
52.6875
51.625
50.5625
49.5625
48.5625
47.6875
46.875
46.25
45.6875
45.25
44.75
44.25
43.625
43.0625
42.5625
42.125
41.75
41.4375
40.9375
40.5
40.0625
39.75
39.75
39.9375
42.0625
51.375
67.5625
79.875
85.25
88.625
93.1875
99.1875
104.5
108.125
109.875
108.6875
104.8125
99.1875
91.25
81.125
70.6875
65.875
70.3125
72.9375
69.9375
67.75
65.9375
64.125
63.0
61.875
60.5625
59.375
58.25
57.25
56.5
55.25
53.875
52.75
52.0625
51.375
50.6875
50.125
49.625
49.1875
48.75
48.3125
47.8125
47.3125
46.9375
46.625
46.75
48.0625
53.125
63.5
73.8125
81.0
86.4375
91.0625
95.8125
100.25
103.875
106.3125
107.25
105.75
101.3125
94.75
86.4375
76.75
68.75
68.0625
72.625
73.0625
70.375
68.375
66.1875
64.125
62.9375
61.8125
60.4375
59.0625
57.875
56.625
55.5625
54.6875
53.9375
53.3125
52.875
52.4375
52.0
51.4375
50.6875
50.0
49.5625
49.4375
49.875
53.25
63.0
75.1875
83.4375
89.125
93.8125
98.25
102.8125
106.625
108.6875
109.1875
108.5
105.625
99.6875
91.4375
81.75
72.25
68.625
72.4375
74.375
72.0
69.8125
67.75
65.5
64.0625
63.0
61.75
60.5
59.3125
58.1875
57.0625
56.0625
55.3125
54.6875
54.0625
53.4375
52.8125
52.125
51.4375
50.75
50.25
49.9375
50.1875
52.5
60.75
73.25
82.5625
88.75
93.875
98.0625
102.375
106.375
108.6875
109.125
108.1875
105.4375
99.8125
91.75
81.75
71.5
66.1875
69.1875
72.125
70.0
67.375
65.25
62.875
61.25
60.125
58.875
57.625
56.625
55.5
54.4375
53.375
52.375
51.625
51.0
50.3125
49.6875
49.0625
48.375
47.6875
47.0
46.5
46.1875
46.8125
50.5
60.625
72.875
80.4375
84.6875
88.1875
92.0625
95.875
99.0
100.9375
101.4375
100.375
97.375
91.3125
82.4375
72.25
64.375
64.5
68.6875
68.375
66.625
64.875
62.875
61.6875
60.75
59.4375
58.0625
56.9375
55.9375
54.9375
54.0625
53.3125
52.6875
52.1875
51.6875
51.125
50.5
49.8125
49.0625
48.4375
48.0
47.9375
48.8125
53.0625
62.9375
73.5625
81.25
87.25
92.3125
96.9375
101.1875
104.625
107.0
108.1875
107.125
103.625
97.875
89.6875
79.875
70.8125
68.5
72.125
72.625
70.1875
68.5625
66.75
64.75
63.5625
62.375
61.0
59.75
58.625
57.375
56.3125
55.5625
54.875
54.3125
53.75
53.125
52.5
51.75
51.0
50.375
49.9375
49.75
50.375
54.375
65.0
77.125
85.0
90.875
95.9375
100.5625
105.1875
108.6875
110.5
111.1875
110.625
107.5
101.125
92.4375
82.5
73.3125
70.5
74.625
76.0625
73.3125
71.0625
68.9375
66.75
65.25
63.9375
62.25
60.75
59.5
58.4375
57.375
56.5
55.8125
55.125
54.5
53.875
53.1875
52.5625
51.875
51.1875
50.5625
50.1875
50.375
52.5625
60.5
73.0625
82.75
89.1875
94.375
98.75
103.125
107.3125
109.8125
110.8125
110.4375
108.0625
102.75
94.6875
84.6875
74.1875
68.375
70.875
73.5
71.1875
68.75
66.9375
64.75
63.0
61.625
60.125
58.625
57.375
56.125
55.125
54.25
53.3125
52.5
51.875
51.25
50.5625
49.875
49.1875
48.5
47.8125
47.25
47.0
47.375
50.0
58.375
70.9375
79.9375
84.9375
88.75
92.625
96.5625
100.0625
102.375
103.375
102.5
99.4375
94.0625
86.375
76.6875
67.4375
64.875
69.1875
70.0
67.5625
66.0
64.25
62.625
61.3125
59.875
58.8125
57.75
56.625
55.5
54.5
53.625
53.0
52.4375
51.875
51.4375
51.0
50.5
49.875
49.3125
48.8125
48.4375
48.625
50.1875
56.4375
67.375
76.9375
83.75
89.0625
93.75
98.5625
102.875
106.125
108.0625
108.625
106.875
102.4375
95.375
86.375
76.5
69.1875
70.0
74.1875
73.5
71.125
69.375
66.9375
64.8125
63.3125
61.8125
60.4375
59.3125
58.1875
57.125
56.125
55.3125
54.625
54.125
53.5
52.9375
52.3125
51.75
51.125
50.5625
50.125
50.0
50.8125
55.5625
66.8125
78.4375
85.9375
91.75
96.75
101.375
105.6875
109.125
110.9375
111.25
110.0
106.1875
99.875
91.375
81.3125
72.4375
70.75
74.875
75.375
72.4375
70.375
68.375
66.375
65.0
63.6875
62.1875
60.8125
59.6875
58.5625
57.5
56.5
55.6875
54.9375
54.25
53.625
53.0
52.25
51.5625
50.875
50.3125
49.9375
50.0625
51.8125
58.875
71.375
81.6875
88.3125
93.6875
98.1875
102.8125
107.125
109.875
110.8125
110.3125
108.0
103.0
95.3125
85.5625
75.0
68.25
69.9375
73.5
71.75
69.0
67.25
65.1875
63.1875
61.6875
60.1875
58.5625
57.25
56.0625
55.0
54.0625
53.125
52.3125
51.6875
51.0625
50.375
49.6875
49.0625
48.3125
47.625
47.0625
46.6875
46.875
49.0
56.4375
68.75
78.5625
84.0
87.8125
91.625
95.5625
99.1875
101.8125
102.9375
102.375
100.0
95.375
88.1875
78.5625
68.6875
64.125
67.75
69.9375
67.6875
66.0625
64.5
62.875
61.625
60.125
58.875
57.75
56.5625
55.375
54.3125
53.5
52.8125
52.25
51.6875
51.1875
50.75
50.125
49.625
49.0
48.5
48.1875
48.3125
49.5
54.5
64.75
74.875
82.125
87.75
92.375
97.125
101.5625
104.8125
106.875
107.5625
106.0625
102.3125
96.3125
87.9375
78.0
69.5
67.875
71.875
72.5625
70.3125
68.375
66.1875
64.25
63.0625
61.8125
60.25
59.0
57.8125
56.6875
55.6875
54.8125
54.125
53.625
53.0625
52.5
51.875
51.25
50.5625
49.9375
49.5
49.4375
50.1875
53.9375
64.0
75.9375
84.0
89.875
94.8125
99.375
104.125
108.0
110.0625
110.75
109.75
106.375
100.5625
92.5625
82.5
72.9375
69.5625
73.3125
74.875
72.25
70.1875
68.3125
66.125
64.6875
63.5625
62.0625
60.625
59.375
58.1875
57.125
56.1875
55.375
54.625
54.0
53.3125
52.625
51.9375
51.4375
51.0625
51.5625
54.875
64.5
76.8125
85.0625
90.6875
95.4375
99.6875
103.875
107.3125
109.0625
109.375
107.75
103.875
97.625
89.0625
78.75
69.3125
66.625
71.0
72.3125
69.5
67.375
65.25
63.125
61.75
60.4375
58.9375
57.5
56.3125
55.25
54.1875
53.1875
52.3125
51.5625
50.8125
50.125
49.5625
49.125
49.0
50.0625
54.9375
66.0625
77.3125
83.625
87.625
91.3125
95.125
98.6875
101.125
102.3125
102.0625
100.0
95.625
88.6875
79.5625
69.5625
63.875
67.0
70.1875
68.0
66.0
64.25
62.75
61.875
60.8125
59.75
58.75
58.125
59.3125
65.0
73.5625
78.5
80.6875
83.125
85.0625
86.375
86.5
84.6875
81.1875
76.125
69.5
62.3125
57.9375
59.9375
63.4375
62.75
61.1875
60.0
58.1875
57.0
56.3125
55.0625
53.875
52.875
51.9375
51.125
50.375
49.8125
49.375
49.0
48.5625
48.1875
47.8125
47.25
46.75
46.25
45.8125
45.3125
44.875
44.5
44.0625
43.6875
43.3125
42.875
42.5
42.1875
41.875
41.6875
41.6875
41.8125
42.4375
45.5
55.5625
70.8125
82.0625
88.9375
94.8125
101.25
107.9375
113.4375
116.1875
115.625
113.125
110.0
105.125
97.4375
87.3125
76.875
71.375
74.3125
77.3125
75.0
72.375
70.5
68.25
66.375
64.875
63.375
61.875
60.625
59.4375
58.3125
57.3125
56.4375
55.6875
54.9375
54.25
53.5625
52.75
52.0
51.3125
50.6875
50.0625
49.4375
48.9375
48.5625
48.125
47.625
47.0625
46.625
46.1875
45.75
45.3125
45.0625
44.9375
45.875
51.0
63.125
75.5
83.1875
89.0625
94.0625
99.125
104.125
107.75
109.5
109.875
108.5
104.3125
97.5625
88.9375
78.5
68.75
66.0
70.125
71.5
69.125
67.4375
65.5625
63.3125
61.5625
60.1875
58.6875
57.1875
55.9375
54.875
53.9375
53.0625
52.1875
51.375
50.6875
50.0625
49.4375
48.75
48.0625
47.375
46.6875
46.125
45.6875
45.5625
46.4375
50.6875
60.8125
72.125
78.875
82.75
86.0
89.625
93.1875
96.0
97.5625
97.875
96.625
92.875
86.5
77.9375
68.3125
61.75
63.375
66.75
65.3125
63.6875
62.625
61.0625
60.125
59.125
57.875
56.6875
55.4375
54.3125
53.3125
52.4375
51.75
51.25
50.8125
50.3125
49.75
49.1875
48.5625
47.9375
47.25
46.6875
46.4375
46.8125
49.5
57.5625
68.8125
77.4375
83.6875
88.6875
93.25
98.0
102.0625
105.0625
106.4375
105.625
102.75
97.8125
90.25
80.9375
71.3125
66.125
68.75
71.6875
70.125
68.25
66.5625
64.1875
62.75
61.8125
60.5
59.375
58.5625
57.8125
57.8125
60.75
68.8125
78.5625
83.875
86.8125
89.6875
91.875
93.5625
94.25
93.0
89.75
84.75
78.1875
70.375
63.625
62.5625
66.625
67.875
65.625
63.6875
62.1875
60.5625
59.4375
58.5625
57.3125
56.0625
55.125
54.25
53.3125
52.5625
51.875
51.3125
50.8125
50.1875
49.625
49.125
48.5625
48.0
47.4375
47.0
46.625
46.25
45.875
45.4375
45.0
44.625
44.3125
44.0625
43.6875
43.3125
43.0625
43.0625
43.875
49.0
62.0625
76.0625
84.75
91.3125
97.0
102.6875
108.625
113.1875
115.75
116.4375
114.6875
110.375
103.625
94.6875
84.0625
73.6875
69.4375
73.125
74.6875
71.625
69.375
67.625
65.5
63.75
62.1875
60.5
59.0
57.8125
56.625
55.5625
54.5625
53.5625
52.6875
51.9375
51.3125
50.625
49.9375
49.3125
48.625
47.875
47.125
46.4375
46.0
45.9375
46.9375
51.5625
62.4375
74.0
80.6875
84.5625
88.0
91.6875
95.5
98.375
100.3125
101.0
99.625
95.6875
89.25
80.4375
70.125
62.8125
64.3125
68.5625
67.75
65.8125
63.9375
61.8125
60.8125
60.0625
58.875
57.625
56.5
55.4375
54.375
53.375
52.6875
52.1875
51.6875
51.125
50.5625
50.0
49.4375
48.8125
48.125
47.625
47.25
47.625
50.25
58.1875
69.3125
78.0625
84.5625
89.8125
94.5625
99.25
103.3125
106.125
107.75
107.3125
104.25
99.125
91.625
82.1875
72.4375
66.875
69.4375
72.6875
71.25
69.3125
67.5
65.125
63.5
62.3125
60.875
59.375
58.125
57.0
56.0
55.1875
54.5
53.8125
53.25
52.6875
52.125
51.5625
50.9375
50.25
49.6875
49.3125
49.1875
50.375
56.0625
67.8125
78.75
85.6875
91.1875
95.9375
100.25
104.5625
107.8125
109.375
109.6875
108.4375
104.4375
97.5625
88.6875
78.5
70.1875
69.875
74.5625
74.25
71.1875
69.25
67.25
65.25
63.8125
62.5
61.0
59.6875
58.75
57.75
56.6875
55.8125
55.0625
54.4375
53.8125
53.125
52.375
51.6875
51.0625
50.5
49.9375
49.6875
50.0
52.8125
61.8125
74.375
83.3125
89.5
94.6875
99.0625
103.375
107.1875
109.3125
109.75
108.9375
106.25
100.5
92.1875
82.0625
71.625
66.375
69.5625
72.5
70.5
68.125
66.1875
64.0
62.3125
61.0
59.5625
58.0625
56.8125
55.8125
54.8125
54.0
53.125
52.3125
51.5625
50.875
50.25
49.625
48.9375
48.1875
47.5
46.9375
46.75
47.5
51.4375
61.5
73.625
81.125
85.5625
89.375
93.375
97.25
100.3125
102.25
102.75
101.875
98.8125
92.625
84.0
74.0
65.6875
65.25
69.625
69.4375
67.3125
65.6875
63.5625
62.375
61.5
60.125
58.5625
57.375
56.3125
55.125
54.125
53.4375
52.875
52.375
51.8125
51.25
50.625
50.0
49.4375
48.9375
48.375
48.125
48.6875
51.75
60.3125
71.5
79.875
86.25
91.25
95.75
100.4375
104.4375
107.125
108.5625
108.5625
105.9375
100.1875
92.3125
83.0
73.5
69.0
72.25
74.6875
72.3125
70.25
68.3125
66.0625
64.5625
63.375
62.625
63.5625
66.5625
72.8125
79.375
81.9375
83.1875
84.5
84.75
83.9375
81.75
77.9375
72.9375
66.875
60.875
58.375
61.25
63.5625
62.0
60.25
59.25
58.0625
57.0625
56.4375
55.4375
54.1875
53.1875
52.3125
51.5625
50.875
50.3125
49.875
49.375
48.9375
48.4375
48.0625
47.625
47.1875
46.75
46.375
45.8125
45.375
44.9375
44.5625
44.25
43.9375
43.625
43.25
43.0
42.75
42.5
42.5625
42.9375
45.4375
54.875
70.375
82.1875
88.875
94.1875
100.0
106.375
111.8125
115.0625
115.8125
113.625
109.75
104.3125
96.125
85.6875
74.75
69.5
73.5
76.1875
73.0625
70.375
68.5
66.3125
64.375
62.75
61.125
59.4375
57.9375
56.625
55.5625
54.75
53.9375
53.125
52.375
51.625
50.9375
50.3125
49.625
48.875
48.1875
47.5
46.875
46.25
45.75
45.1875
44.6875
44.1875
43.75
43.4375
43.5625
45.1875
51.625
64.125
75.25
81.125
84.6875
88.3125
92.5625
96.8125
100.0625
102.0
102.375
100.5
96.125
89.0625
79.625
69.375
62.875
65.0625
68.875
67.6875
66.0625
64.4375
62.375
61.25
60.375
59.1875
58.0
56.875
55.875
54.9375
54.0
53.1875
52.4375
51.75
51.0
50.3125
49.625
48.875
48.125
47.4375
46.9375
46.6875
46.875
48.6875
55.1875
66.5625
76.3125
83.125
88.4375
92.8125
97.25
101.5625
104.4375
106.0
106.1875
104.5
100.0625
92.875
83.6875
73.625
66.625
67.75
71.6875
70.875
68.4375
66.8125
64.6875
63.0625
61.9375
60.6875
59.3125
58.1875
57.25
56.25
55.25
54.4375
53.6875
52.9375
52.3125
51.625
50.9375
50.1875
49.5625
49.0
48.5625
48.375
49.1875
53.75
64.5625
76.0
83.625
89.5
94.375
98.75
103.0
106.3125
108.0625
108.5
107.5625
104.3125
98.25
89.875
80.0
71.0
68.875
72.75
73.375
70.625
68.8125
66.9375
64.9375
63.5
62.125
60.5625
59.1875
58.1875
57.25
56.375
55.5625
54.75
54.0
53.375
52.75
52.125
51.4375
50.6875
50.0
49.4375
49.125
49.125
50.5
56.9375
69.0625
79.625
86.25
91.625
96.0
100.125
104.125
106.75
107.75
107.375
105.625
101.0625
93.9375
84.875
74.375
66.625
67.5625
71.5625
70.375
67.8125
66.0625
64.0
62.625
61.625
60.375
59.9375
60.6875
63.125
69.375
75.3125
76.9375
77.625
78.4375
78.0625
76.4375
73.3125
68.8125
63.1875
57.0625
52.625
53.8125
57.875
58.1875
56.3125
55.4375
54.5625
53.8125
53.5
52.5625
51.5
50.5625
49.5625
48.5
47.75
47.1875
46.625
46.125
45.625
45.125
44.6875
44.4375
44.3125
43.8125
43.125
42.375
41.9375
41.75
41.5625
41.4375
41.375
41.3125
41.3125
41.25
41.125
41.125
41.25
41.6875
44.125
52.375
65.3125
76.0
83.3125
88.5625
93.9375
100.4375
106.625
111.0
112.25
110.1875
106.5
102.0625
95.75
86.6875
76.4375
70.5625
72.8125
75.875
74.0
71.5625
69.625
67.25
65.1875
63.75
62.4375
61.0
59.6875
58.4375
57.1875
56.1875
55.3125
54.5625
53.875
53.375
52.875
52.25
51.6875
51.125
50.625
50.125
49.625
49.0
48.4375
47.9375
47.4375
46.875
46.375
46.0625
45.9375
46.75
51.75
63.625
75.8125
83.5
89.1875
94.3125
99.4375
104.625
108.5625
110.8125
111.625
109.9375
105.8125
99.875
91.9375
81.9375
72.4375
69.5625
73.625
74.625
72.0
70.1875
68.375
66.1875
64.5
63.125
61.625
60.25
59.25
58.3125
57.375
56.5
55.625
54.8125
54.25
53.8125
53.375
53.0
52.5625
52.5625
54.1875
60.125
70.0625
78.5625
84.3125
88.625
91.5
94.0625
95.8125
95.5625
93.25
89.1875
83.4375
76.0
67.6875
63.0625
65.625
68.5625
66.625
64.0
62.3125
60.5625
59.1875
57.875
56.3125
54.75
53.625
52.8125
51.9375
51.0
50.125
49.5625
49.0625
48.5625
48.0625
47.625
47.0625
46.5625
46.0
45.375
44.8125
44.25
43.625
42.9375
42.4375
42.0625
41.875
42.25
44.875
53.3125
66.125
76.0625
81.6875
85.375
89.375
94.25
98.6875
101.875
103.375
103.0
100.25
94.875
87.1875
77.6875
68.0
63.125
66.75
69.6875
67.5625
65.75
64.125
62.4375
61.4375
60.375
59.25
58.1875
56.9375
55.875
54.875
54.0
53.25
52.6875
52.125
51.625
51.125
50.4375
49.6875
49.125
48.5
48.0625
48.0625
49.125
53.6875
63.4375
73.3125
80.5
86.1875
90.8125
95.3125
99.5625
102.8125
104.6875
105.5
104.75
101.5
95.375
86.75
77.0625
68.9375
67.625
71.625
72.0625
69.5625
67.875
65.8125
63.625
62.375
61.3125
59.9375
58.625
57.625
56.8125
56.0
55.25
54.5
53.75
53.125
52.5625
52.0
51.375
50.6875
50.0
49.5
49.3125
49.6875
53.0625
62.6875
74.6875
82.9375
88.875
93.9375
98.5
103.125
107.0625
109.5
110.375
109.5625
107.0625
102.0625
94.375
84.5625
74.375
69.5
72.75
75.1875
72.6875
70.3125
68.625
66.4375
64.75
63.5
62.125
60.625
59.3125
58.1875
57.1875
56.1875
55.4375
54.75
54.0625
53.375
52.625
51.875
51.3125
50.875
50.875
53.0
60.8125
73.125
82.1875
88.0
93.0
97.3125
101.375
104.9375
107.125
107.6875
107.0
104.625
99.5625
91.875
82.3125
72.1875
66.4375
68.8125
71.6875
69.75
67.3125
65.5
63.375
61.75
60.5625
59.1875
57.6875
56.375
55.25
54.4375
53.5625
52.6875
51.875
51.125
50.5625
49.9375
49.3125
48.6875
48.0625
47.3125
46.6875
46.125
45.625
45.375
45.625
47.8125
55.3125
67.875
77.9375
83.5625
87.5625
91.4375
95.6875
99.5
102.1875
104.0
104.3125
102.5625
98.0
90.6875
81.4375
71.25
65.0
67.9375
71.5625
69.3125
66.9375
65.4375
63.6875
62.5625
61.4375
60.0
58.8125
57.625
56.625
55.5625
54.6875
53.9375
53.3125
52.75
52.125
51.5
50.8125
50.0625
49.375
48.625
48.1875
48.1875
49.3125
54.375
64.6875
74.875
82.0625
87.8125
92.5
97.125
101.6875
105.375
107.6875
108.625
107.5
103.5
97.0625
88.75
79.0
70.25
68.5
72.5
73.0625
70.6875
69.125
67.125
65.0625
63.8125
62.625
61.1875
59.9375
58.875
57.75
56.75
55.9375
55.25
54.6875
54.125
53.5
52.8125
52.125
51.4375
50.75
50.25
50.0625
50.625
54.5
64.75
76.75
84.6875
90.6875
95.875
100.5
104.9375
108.6875
110.8125
111.6875
111.0625
108.0625
102.3125
94.1875
84.3125
74.8125
70.875
74.125
75.625
73.0
70.8125
68.9375
66.75
65.25
64.0625
62.625
61.125
59.875
58.75
57.6875
56.75
56.0
55.375
54.75
54.125
53.4375
52.625
51.8125
51.125
50.5625
50.25
50.25
51.4375
57.1875
68.8125
79.625
86.5625
92.0625
96.5625
100.625
104.5625
107.3125
108.75
108.8125
106.9375
102.5625
95.6875
86.9375
76.875
68.5
67.9375
72.125
71.875
69.375
67.625
65.375
63.25
62.0
60.6875
59.0625
57.5
56.3125
55.3125
54.4375
53.5
52.5625
51.8125
51.1875
50.4375
49.875
49.25
48.5625
47.875
47.3125
46.9375
47.0625
48.5
54.5
66.1875
76.75
82.625
86.4375
90.0
94.0625
97.875
100.5625
101.875
101.9375
100.25
96.1875
89.5
80.75
71.0625
64.75
66.4375
69.625
68.1875
66.4375
64.75
62.8125
62.0625
61.3125
60.25
59.5
59.5
61.25
67.4375
75.75
79.8125
81.6875
83.9375
85.5625
86.5
86.1875
83.9375
79.875
74.5
68.0
61.3125
58.25
61.1875
63.9375
62.75
61.25
60.125
58.625
57.6875
57.125
56.125
54.9375
54.0
52.9375
51.9375
51.1875
50.5
49.8125
49.25
48.75
48.3125
47.8125
47.375
46.875
46.375
45.9375
45.625
45.3125
45.0
44.6875
44.4375
44.1875
43.875
43.625
43.375
43.125
42.875
42.75
42.8125
44.125
50.75
64.875
78.3125
86.3125
92.4375
98.6875
105.1875
111.25
115.75
117.1875
115.8125
112.8125
109.0625
103.6875
95.0
83.5
73.8125
72.6875
77.3125
77.4375
74.3125
72.3125
70.375
68.25
66.625
65.0
63.375
61.875
60.625
59.5
58.375
57.375
56.5625
55.875
55.25
54.5625
53.875
53.0625
52.375
51.625
50.9375
50.3125
49.625
48.875
48.1875
47.5625
47.125
48.0
53.6875
65.5625
76.6875
83.75
89.0
93.3125
97.625
101.75
104.625
105.875
105.6875
104.0625
100.25
93.4375
84.0625
73.4375
65.875
67.3125
71.75
70.375
67.625
65.9375
63.9375
62.4375
61.3125
59.6875
58.0625
56.75
55.75
54.875
53.9375
53.0
52.3125
51.75
51.125
50.5
49.875
49.1875
48.4375
47.75
47.25
47.0
47.5625
50.625
59.375
70.9375
78.75
83.25
86.75
90.1875
93.8125
97.0
98.8125
99.5
99.1875
97.25
92.375
84.625
75.0625
66.3125
64.0
68.0
69.125
67.375
65.9375
63.875
62.125
61.25
60.1875
58.875
57.625
56.3125
55.125
54.0625
53.125
52.4375
51.8125
51.3125
50.8125
50.3125
49.8125
49.3125
48.8125
48.4375
48.1875
48.1875
49.1875
54.25
65.1875
76.25
83.6875
89.375
94.0
98.8125
103.5
106.9375
108.6875
109.1875
107.875
103.75
97.1875
89.0625
79.4375
70.6875
69.0625
73.4375
74.1875
71.5625
69.8125
67.875
65.8125
64.5
63.4375
62.1875
61.0
59.8125
58.5
57.25
56.3125
55.5
54.8125
54.3125
53.625
52.875
52.0625
51.375
50.875
50.4375
50.3125
50.5625
53.125
61.5
73.875
83.0625
89.4375
94.75
99.25
103.5625
107.3125
109.5
110.5625
110.4375
107.9375
102.8125
95.375
85.875
76.0
70.625
73.0625
76.0
73.875
71.375
69.5
67.3125
65.75
64.6875
63.3125
61.8125
60.5
59.4375
58.375
57.375
56.5625
55.875
55.1875
54.5625
53.8125
53.125
52.375
51.6875
51.125
50.75
50.5625
51.4375
56.5625
67.6875
78.5
85.4375
91.125
95.5
99.4375
103.25
106.0625
107.6875
108.0
106.625
102.5
95.375
86.1875
76.3125
68.4375
68.25
72.625
72.0
68.875
67.0625
65.125
63.3125
62.3125
61.0625
59.5
58.0625
56.875
55.875
54.75
53.75
52.875
52.125
51.5625
51.0625
50.5
49.8125
49.0625
48.3125
47.75
47.375
47.5625
49.0625
54.6875
66.125
76.8125
82.5625
86.1875
89.8125
93.875
97.5625
100.375
101.9375
102.0625
100.375
96.125
89.4375
80.8125
71.25
64.875
66.8125
70.375
68.9375
67.0625
65.4375
63.375
62.25
61.375
60.25
59.0625
57.8125
56.6875
55.625
54.8125
54.125
53.5625
52.9375
52.25
51.5625
50.8125
50.0
49.3125
48.6875
48.4375
48.625
49.9375
55.4375
66.625
77.125
84.3125
89.9375
94.875
99.75
104.1875
107.4375
109.625
110.3125
108.9375
105.125
98.375
89.375
79.1875
70.9375
70.5
75.0625
75.0
72.0
69.9375
67.8125
65.875
64.6875
63.5
62.25
61.125
60.1875
59.125
58.0625
57.0625
56.25
55.5
54.9375
54.4375
53.875
53.125
52.375
51.625
51.0625
51.0
52.125
57.5
69.0
80.4375
87.75
93.25
97.8125
102.375
106.875
110.1875
111.9375
112.5
111.3125
107.5
101.0
91.9375
81.5
73.0
72.0
76.25
76.375
73.375
71.3125
69.1875
67.25
66.0
64.6875
63.125
61.8125
60.75
59.625
58.625
57.625
56.875
56.25
55.625
54.9375
54.1875
53.375
52.5625
52.0
51.5
51.0625
51.1875
53.375
61.375
74.0
83.8125
90.125
95.0625
98.875
102.8125
106.75
109.3125
110.125
109.4375
106.8125
101.5625
94.0625
84.75
74.3125
68.125
70.8125
74.1875
71.6875
68.5625
66.375
64.1875
62.75
61.8125
60.625
59.3125
58.0625
56.9375
56.0
55.125
54.125
53.25
52.5
51.6875
50.8125
50.0625
49.4375
48.6875
48.125
47.6875
47.5
48.125
51.0625
59.875
72.0
80.1875
84.625
88.3125
92.4375
96.5
99.875
102.125
102.75
102.0
99.375
94.0
86.125
76.375
67.4375
65.3125
69.3125
69.875
67.5625
66.125
64.3125
62.9375
62.0
60.875
59.625
58.4375
57.25
56.125
55.125
54.3125
53.625
53.0625
52.6875
52.3125
51.625
50.75
49.75
49.0625
48.6875
48.75
49.4375
52.625
61.375
72.375
80.75
87.3125
92.6875
97.5
102.375
106.5
109.125
110.3125
109.5
106.4375
101.0
93.25
83.625
73.75
69.0625
72.5625
75.375
73.4375
71.25
69.3125
67.0
65.3125
64.125
62.875
61.625
60.625
59.625
58.5
57.5625
56.75
56.125
55.4375
54.6875
54.0625
53.4375
52.6875
52.0625
51.5625
51.25
51.3125
53.625
61.8125
74.25
83.5625
89.875
95.375
100.1875
105.0
109.25
111.9375
112.9375
112.8125
110.8125
105.875
98.1875
88.625
78.625
72.875
75.25
78.1875
75.8125
72.8125
70.75
68.5
66.875
65.9375
64.75
63.0625
61.5625
60.4375
59.375
58.4375
57.6875
56.9375
56.1875
55.5
54.6875
53.875
53.5
54.3125
59.3125
70.3125
80.625
86.5
90.9375
94.9375
98.5625
102.0625
104.375
105.0625
104.375
101.8125
96.8125
89.5625
80.25
70.6875
66.4375
70.125
72.3125
69.4375
67.0625
65.125
63.0625
61.9375
60.8125
59.3125
57.9375
56.9375
55.875
54.75
53.5
52.4375
51.6875
51.1875
50.6875
50.25
49.6875
49.0625
48.4375
47.75
47.125
46.5625
46.0625
45.5625
45.0625
44.9375
45.4375
47.875
56.0
68.6875
78.3125
83.75
88.0625
92.3125
96.6875
100.9375
104.375
106.625
106.875
104.6875
100.3125
93.625
84.9375
74.6875
66.9375
67.375
71.4375
70.9375
69.0
67.5
65.4375
63.875
62.8125
61.4375
60.125
59.0625
57.9375
56.8125
55.8125
54.9375
54.125
53.5
53.0625
52.6875
52.125
51.4375
50.8125
50.25
50.0
50.25
51.6875
57.625
69.0625
79.3125
85.5625
90.75
95.5625
100.375
104.875
108.0
109.5625
109.75
108.125
104.0625
98.0
89.75
79.8125
72.0625
72.375
76.3125
75.4375
72.6875
70.625
68.375
66.4375
65.125
63.9375
62.5625
61.1875
60.0625
59.125
58.125
57.125
56.3125
55.625
55.0625
54.5
53.875
53.0625
52.375
51.875
51.5
51.5
52.8125
58.625
70.625
81.6875
88.6875
94.125
98.9375
103.5625
108.0625
111.1875
112.625
112.875
111.3125
106.5625
98.8125
89.5
79.0625
70.5625
69.75
73.5
72.8125
69.75
67.8125
65.8125
64.0
62.8125
61.5
60.0625
58.8125
57.625
56.5
55.3125
54.25
53.375
52.6875
52.0
51.25
50.6875
49.875
49.0
48.3125
47.5
47.125
47.25
48.6875
54.75
66.5
77.1875
83.0
86.6875
90.375
94.75
98.75
101.625
103.3125
103.625
101.9375
97.625
90.625
81.25
70.875
64.625
67.4375
71.375
69.75
67.375
65.1875
63.4375
62.625
61.375
59.9375
58.875
58.0
56.6875
55.125
54.0
53.4375
53.125
52.75
52.3125
51.875
51.25
50.5625
50.0
49.3125
48.75
48.8125
50.0625
55.0
65.3125
75.625
83.125
89.125
93.875
98.4375
102.8125
106.0625
108.4375
109.75
108.875
105.375
99.3125
90.8125
80.5
71.3125
69.4375
74.0625
75.1875
72.375
70.0625
67.6875
65.625
64.5
63.4375
62.1875
61.0625
59.9375
58.6875
57.5625
56.5625
55.875
55.375
55.0
54.5625
53.875
53.0
52.1875
51.375
50.8125
50.9375
52.0625
56.8125
67.8125
79.5
86.8125
92.1875
97.125
101.875
106.5
110.0625
112.0
112.5625
111.4375
108.125
102.0
93.4375
83.125
74.125
72.4375
76.4375
76.5
73.4375
71.5625
69.6875
67.75
66.5625
65.3125
63.5625
61.875
60.5
59.3125
58.3125
57.5
56.8125
56.3125
55.6875
54.875
54.125
53.3125
52.5625
52.0
51.5
51.1875
51.25
53.25
60.8125
73.5
83.3125
89.3125
94.1875
98.5
102.9375
107.0625
109.375
110.0
109.4375
107.125
102.0625
94.375
84.8125
74.375
68.0
70.6875
74.6875
72.5
69.125
66.875
64.5625
63.0
62.0625
60.9375
59.625
58.3125
57.125
56.0
54.8125
53.75
52.875
52.25
51.75
51.25
50.6875
49.875
49.0
48.25
47.625
47.4375
47.9375
51.0
59.8125
72.0625
80.4375
85.0
88.75
92.75
96.75
99.75
101.625
102.5
102.1875
99.9375
94.75
86.9375
77.375
68.3125
65.4375
69.125
69.75
67.6875
66.375
64.4375
62.9375
62.125
61.125
59.9375
58.6875
57.4375
56.375
55.4375
54.75
54.1875
53.5625
52.8125
52.0
51.3125
50.6875
50.0625
49.5625
49.0625
48.8125
49.375
52.6875
61.625
72.75
80.9375
87.3125
92.75
98.0
102.9375
106.8125
109.1875
110.375
110.5625
108.375
102.75
94.8125
85.375
75.3125
70.1875
73.1875
75.75
73.75
71.625
69.5625
67.5
66.25
65.25
64.875
66.25
69.625
76.1875
82.0625
83.8125
84.875
86.125
86.1875
84.9375
82.0625
77.5625
72.0
66.0
60.75
59.875
63.375
64.75
62.9375
61.25
60.0
58.625
57.875
57.5
56.6875
55.5625
54.5
53.4375
52.5625
51.9375
51.4375
51.0625
50.8125
50.375
49.875
49.375
48.8125
48.3125
47.8125
47.4375
47.1875
46.875
46.4375
45.875
45.375
45.0
44.75
44.625
44.625
44.875
45.3125
48.1875
58.3125
73.625
85.0
91.6875
97.375
103.4375
109.6875
114.5625
117.625
118.3125
116.0
112.25
106.25
96.875
85.625
74.6875
70.3125
74.625
77.0
74.0
71.1875
69.0625
66.875
65.0
63.3125
61.8125
60.3125
58.9375
57.5625
56.375
55.4375
54.75
54.125
53.5
52.8125
52.0625
51.25
50.375
49.5
48.6875
48.0
47.3125
46.75
46.25
45.8125
45.3125
44.9375
44.4375
44.0
43.625
43.5
44.0625
47.1875
56.5625
69.8125
79.0625
83.8125
87.375
91.5
96.0
100.0
102.875
104.4375
104.1875
101.1875
95.625
87.5625
77.8125
68.3125
64.6875
68.6875
70.75
69.0625
67.6875
65.75
63.8125
62.8125
61.75
60.375
59.125
57.8125
56.75
55.75
54.8125
54.0
53.25
52.5
51.8125
51.125
50.5625
50.0625
49.5625
49.0625
48.75
48.625
49.3125
52.9375
62.4375
73.8125
81.75
87.9375
92.875
97.0
101.3125
105.0
107.375
108.25
107.4375
104.0625
97.8125
89.6875
80.0625
71.1875
68.75
72.6875
73.875
71.625
69.9375
68.1875
66.1875
64.875
63.6875
62.125
60.75
59.5
58.3125
57.125
56.25
55.5625
55.0
54.4375
53.75
53.0
52.3125
51.625
51.0625
50.625
50.3125
50.375
52.25
59.6875
72.0625
82.1875
89.0
94.375
98.875
103.5
107.9375
110.75
111.8125
111.5625
109.5625
104.75
97.25
87.875
77.625
71.0625
72.9375
76.5625
75.0
72.3125
70.4375
68.375
66.625
65.375
64.125
62.625
61.1875
60.0625
59.0
57.8125
56.625
55.5
54.3125
53.0625
51.875
50.875
49.875
49.25
48.9375
49.3125
52.1875
61.0625
73.4375
82.5625
88.375
92.5
96.1875
100.125
103.3125
104.9375
105.1875
103.875
100.6875
95.125
87.0625
77.1875
68.5
67.125
71.6875
71.4375
67.9375
66.0625
64.125
62.75
62.0625
60.75
59.3125
58.1875
57.0625
55.625
54.25
53.4375
53.125
53.4375
55.5
61.5
71.625
79.375
83.25
86.25
88.875
91.25
92.9375
93.375
92.5
90.1875
85.875
79.4375
71.25
63.375
61.0625
64.9375
66.4375
64.9375
63.875
62.0625
60.375
59.4375
58.3125
57.125
56.125
55.0625
54.0
53.125
52.4375
51.75
51.0625
50.4375
49.875
49.375
48.8125
48.1875
47.625
47.125
46.625
46.25
46.4375
47.5625
52.125
63.25
76.0625
85.125
91.6875
97.25
102.75
108.125
112.4375
115.1875
116.125
114.75
110.8125
104.5
96.125
86.0625
76.0625
71.625
75.0625
77.3125
75.0
72.8125
70.625
68.125
66.375
65.3125
64.0
62.6875
61.4375
60.25
59.0
57.8125
56.8125
55.9375
55.3125
54.6875
54.0
53.4375
53.0625
53.6875
57.875
68.5625
80.625
88.375
93.9375
98.4375
102.5
106.625
109.75
111.0625
110.8125
109.0625
105.0625
98.5
89.5
79.0
71.25
71.6875
75.4375
74.4375
71.5
69.3125
67.0625
65.25
64.125
62.875
61.4375
60.25
59.1875
58.0625
57.0625
56.25
55.5
54.875
54.25
53.5625
52.8125
52.0625
51.5
50.875
50.3125
49.8125
49.3125
48.8125
48.3125
47.8125
47.25
46.8125
46.375
46.0
45.8125
46.0
48.5625
57.75
71.3125
81.125
88.0
93.5
98.1875
103.5
108.4375
111.6875
113.25
112.25
108.5625
103.1875
95.6875
86.0
75.375
68.3125
70.3125
74.4375
72.5
69.5625
67.875
65.75
64.125
63.0
61.5625
60.0
58.5625
57.3125
56.1875
55.0625
54.0625
53.125
52.5
51.9375
51.3125
50.6875
50.125
49.4375
48.6875
48.0
47.5
47.1875
47.625
50.125
57.9375
69.75
78.1875
82.75
86.375
90.1875
94.0
97.125
99.25
100.0625
99.6875
97.5
92.375
84.5
75.0625
66.25
63.5625
67.5
68.8125
67.125
65.6875
63.5625
61.9375
61.125
60.0625
58.875
57.8125
56.6875
55.625
54.625
53.6875
52.75
52.0
51.375
50.6875
50.125
49.625
49.0
48.3125
47.8125
47.5625
47.6875
48.9375
54.25
65.4375
76.3125
83.75
89.625
94.5
99.1875
103.75
107.125
109.125
109.8125
108.75
104.6875
97.625
88.75
79.0
70.5625
69.1875
73.4375
73.875
71.375
69.625
67.5
65.4375
64.125
62.9375
61.4375
60.1875
59.0625
57.9375
56.8125
55.875
55.0625
54.4375
53.75
53.0
52.3125
51.625
50.875
50.3125
49.8125
49.5
49.75
52.0625
60.1875
72.75
82.25
88.5625
93.9375
98.625
103.125
107.25
109.875
110.875
110.5
108.1875
102.875
94.9375
85.3125
75.375
69.9375
72.625
75.375
73.125
70.875
69.25
67.125
65.4375
64.0625
62.5
60.9375
59.625
58.5625
57.5
56.5625
55.75
55.0
54.375
53.6875
52.875
52.1875
51.4375
50.75
50.0
49.3125
48.6875
49.0
52.8125
63.25
75.3125
83.4375
89.375
94.125
98.1875
102.1875
105.1875
106.6875
107.0625
106.0
102.5625
96.25
87.3125
76.8125
68.0625
67.3125
72.125
72.0
69.0
67.3125
65.4375
63.9375
63.0
61.5625
60.0625
59.375
59.4375
61.0625
66.6875
74.625
78.75
80.6875
82.6875
83.9375
84.3125
83.25
80.375
75.9375
69.9375
62.6875
56.5
56.125
60.4375
61.5625
59.875
58.6875
57.5
56.625
56.1875
55.3125
54.0
52.75
51.5625
50.625
49.875
49.375
48.9375
48.5
48.1875
47.875
47.5
47.125
46.75
46.3125
45.6875
45.125
44.5625
44.0625
43.75
43.375
42.9375
42.5625
42.25
42.0
41.8125
41.625
41.5
41.5625
42.125
45.5
56.125
70.5
80.6875
88.0
94.125
100.3125
107.0625
112.9375
116.0625
116.25
114.375
110.5
105.4375
99.0
89.9375
79.125
71.875
73.5625
77.5
75.625
72.5
70.625
68.3125
66.4375
65.1875
63.75
62.25
60.9375
59.625
58.4375
57.3125
56.4375
55.6875
54.9375
54.25
53.5
52.8125
52.125
51.4375
50.75
50.125
49.5625
48.9375
48.4375
47.9375
47.625
47.6875
48.9375
55.1875
67.75
79.125
86.25
91.8125
96.25
100.875
105.75
109.25
110.75
110.875
109.3125
105.0625
98.1875
89.5
79.5625
71.125
69.8125
73.4375
73.375
70.875
69.125
67.1875
65.1875
63.75
62.375
60.875
59.3125
58.0
56.625
55.125
53.9375
52.9375
52.0625
51.1875
50.5
49.8125
49.0
48.1875
47.3125
46.5625
46.0625
45.875
46.25
49.375
58.875
71.6875
80.375
85.625
89.5625
93.125
97.0
100.3125
102.1875
102.6875
101.625
98.625
93.0625
84.8125
74.8125
65.625
63.6875
68.3125
68.8125
66.1875
64.9375
63.25
61.9375
60.9375
59.4375
58.0
56.875
55.875
54.8125
53.625
52.5625
51.75
51.125
50.5
49.8125
49.1875
48.75
48.125
47.3125
46.5
46.0
46.0
46.9375
51.1875
61.1875
72.4375
79.9375
84.875
88.9375
93.25
97.75
101.125
103.5625
104.875
104.0
100.625
94.625
86.1875
76.125
67.4375
65.375
69.0625
70.0625
68.5
67.0625
64.9375
62.8125
61.625
60.5625
59.3125
58.1875
57.125
56.0
55.0
54.1875
53.4375
52.8125
52.1875
51.5625
50.875
50.125
49.4375
48.75
48.1875
47.875
48.0625
50.625
59.1875
71.75
80.9375
87.125
92.25
96.875
101.6875
105.9375
108.75
109.875
109.3125
106.4375
101.0625
93.375
83.6875
73.375
67.375
70.0
73.625
72.125
69.8125
67.9375
65.625
64.125
63.25
62.0625
61.3125
62.25
65.75
73.0
80.125
83.125
84.875
86.8125
87.8125
87.6875
86.0
82.375
77.25
71.125
64.3125
59.375
60.0
63.6875
64.1875
62.1875
60.6875
59.375
58.0
57.1875
56.375
55.1875
54.0
53.125
52.3125
51.5
50.8125
50.25
49.6875
49.1875
48.6875
48.1875
47.6875
47.1875
46.75
46.3125
45.8125
45.375
44.9375
44.625
44.1875
43.8125
43.5625
43.3125
43.0
42.75
42.5
42.3125
42.375
42.8125
46.5
58.0625
73.0625
82.625
88.25
93.625
99.5625
105.5
110.0
112.4375
112.5625
110.4375
106.5625
100.0
91.0625
80.9375
71.25
67.9375
72.25
73.4375
70.25
68.0
66.0625
64.0625
62.5625
61.3125
59.875
58.3125
57.0
55.875
54.875
53.875
52.875
52.0
51.3125
50.75
50.125
49.4375
48.75
48.125
47.5
46.875
46.1875
45.625
45.0625
44.5
44.0
43.625
43.5625
44.75
49.875
61.25
73.0
79.625
83.3125
86.625
90.75
95.0625
98.0
99.625
100.375
99.3125
95.3125
88.5
79.5625
69.6875
62.25
62.875
67.0
66.6875
65.375
64.3125
62.375
61.125
60.1875
58.9375
57.625
56.4375
55.1875
54.125
53.125
52.25
51.5
50.875
50.25
49.625
49.0
48.3125
47.6875
47.125
46.625
46.5
46.75
48.625
55.4375
66.9375
76.6875
83.375
88.6875
93.125
97.625
101.75
104.625
106.125
105.8125
103.4375
98.75
91.4375
82.1875
72.375
65.625
66.6875
70.625
70.0
67.9375
66.4375
64.375
62.6875
61.625
60.375
59.0625
58.0
57.0
56.0
55.0625
54.125
53.375
52.625
52.0
51.3125
50.625
49.9375
49.25
48.6875
48.3125
48.1875
49.0625
53.6875
64.625
76.1875
83.625
89.1875
93.875
98.375
102.875
106.375
108.1875
108.8125
107.5
103.375
96.9375
88.5
78.5625
69.8125
67.9375
71.9375
72.75
70.375
68.6875
66.875
64.875
63.4375
62.125
60.5625
59.0625
57.875
56.8125
55.8125
55.0
54.375
53.75
53.0625
52.4375
51.6875
50.9375
50.25
49.5625
49.0
48.6875
48.8125
50.5
57.375
69.5
79.6875
86.0625
91.0625
95.375
99.5
103.1875
105.5
106.375
106.0
103.9375
99.3125
92.0625
82.5625
71.9375
64.75
66.4375
70.5
69.3125
66.9375
65.1875
63.0625
61.5
60.4375
59.125
57.625
56.375
55.3125
54.3125
53.3125
52.375
51.5625
50.875
50.25
49.625
49.0625
48.4375
47.8125
47.1875
46.6875
46.375
46.6875
48.8125
56.25
68.5
78.0625
83.0625
86.5625
90.25
94.1875
97.5
99.75
101.0
100.875
98.75
93.8125
86.25
77.0
67.4375
62.9375
66.5
69.0
67.5
66.125
64.1875
62.3125
61.25
60.0625
58.75
57.5
56.3125
55.3125
54.4375
53.6875
53.0
52.3125
51.625
50.875
50.125
49.4375
48.75
48.125
47.625
47.3125
47.5
49.3125
55.9375
67.4375
77.4375
84.5625
90.125
94.625
99.3125
103.6875
106.8125
108.5625
108.8125
106.8125
102.125
95.1875
86.25
76.0625
68.75
69.5
73.5
72.5625
69.875
68.0
65.8125
64.0
62.9375
61.8125
60.5
59.375
58.3125
57.3125
56.375
55.625
55.0
54.3125
53.625
52.8125
52.0625
51.3125
50.625
50.125
49.75
49.625
50.4375
54.875
65.6875
77.3125
85.0
91.0
96.0
100.5
104.8125
108.3125
110.25
110.75
109.875
106.8125
100.875
92.5
82.5
73.1875
70.5
74.375
75.125
72.0
69.6875
67.5625
65.5
64.0625
62.875
61.5625
60.3125
59.3125
58.375
57.4375
56.4375
55.5625
54.8125
54.125
53.4375
52.75
52.125
51.4375
50.75
50.1875
49.75
49.6875
50.8125
56.6875
68.6875
79.75
86.8125
92.375
97.0
101.3125
105.6875
109.0
110.25
110.0
108.5625
104.6875
97.5625
88.0625
77.375
68.8125
68.5
73.125
72.875
69.75
67.5
65.0625
62.875
61.6875
60.5625
59.125
57.6875
56.5
55.5
54.5
53.5625
52.6875
51.9375
51.25
50.625
50.0
49.375
48.625
47.875
47.25
46.8125
46.8125
47.9375
53.125
64.4375
75.8125
82.4375
86.5
90.0625
94.0
97.8125
100.625
102.125
102.3125
100.9375
97.0
90.25
81.3125
71.3125
64.5
66.0
69.625
68.4375
66.8125
65.0625
62.875
61.75
60.8125
59.625
58.375
57.3125
56.3125
55.1875
54.3125
53.5625
53.0
52.4375
51.8125
51.125
50.5
49.8125
49.1875
48.625
48.0625
47.875
48.5
51.9375
61.25
72.5
80.5625
86.625
91.5625
96.25
101.125
105.1875
108.125
109.4375
108.5625
104.9375
98.875
91.0
81.4375
71.9375
67.875
71.3125
73.3125
71.125
69.25
67.375
65.3125
63.9375
62.6875
61.1875
59.75
58.5625
57.5
56.5
55.6875
54.9375
54.3125
53.75
53.125
52.5
51.875
51.1875
50.5
50.0
49.5625
49.5
51.0625
57.875
70.125
80.375
87.0625
92.625
97.375
101.8125
106.125
109.1875
110.625
110.5625
108.875
104.375
97.0625
87.9375
77.8125
70.375
71.125
74.9375
73.75
71.0625
69.3125
67.125
65.1875
63.8125
62.5
61.0
59.75
58.6875
57.5625
56.5625
55.8125
55.125
54.5
53.875
53.25
52.5625
51.9375
51.1875
50.5
49.9375
49.625
49.8125
52.375
60.875
73.5
82.8125
89.0625
94.25
98.625
102.8125
106.4375
108.625
109.3125
108.4375
105.6875
100.25
92.5
82.6875
72.3125
66.5
69.3125
72.5
70.5625
68.1875
66.4375
64.375
62.75
61.5
60.0625
58.5
57.1875
56.0625
55.25
54.3125
53.3125
52.375
51.625
50.9375
50.3125
49.6875
49.0625
48.375
47.75
47.25
47.0
47.3125
49.5625
57.1875
69.5
78.8125
84.0625
87.9375
91.625
95.625
99.25
101.6875
102.75
102.4375
100.1875
95.4375
87.9375
78.3125
68.4375
64.375
68.5
70.375
67.9375
66.25
64.4375
62.875
61.9375
60.6875
59.3125
58.1875
57.125
56.0625
55.0625
54.25
53.5625
53.0
52.375
51.8125
51.1875
50.5625
49.875
49.125
48.4375
48.0625
48.1875
49.9375
56.6875
68.4375
78.125
84.8125
90.375
95.4375
100.25
104.4375
107.5625
109.625
109.8125
107.375
102.375
95.0
85.625
75.5625
69.5625
72.0625
75.125
73.0
70.625
68.625
66.4375
64.875
63.6875
62.1875
60.75
59.625
58.75
57.8125
56.9375
56.0625
55.3125
54.625
53.875
53.1875
52.5625
51.875
51.125
50.4375
49.9375
49.75
50.125
53.5625
63.625
76.0
84.25
90.25
95.25
99.875
104.625
108.8125
111.1875
111.875
111.0625
108.3125
102.625
94.4375
84.25
74.25
70.375
74.25
76.0625
73.1875
70.875
69.0
66.875
65.3125
64.0625
62.5625
61.0625
59.875
58.75
57.6875
56.75
55.9375
55.1875
54.5625
53.9375
53.25
52.5625
51.875
51.125
50.4375
49.9375
49.8125
50.625
55.0625
66.125
77.9375
85.6875
91.5
95.9375
99.875
104.0625
107.375
109.0625
109.25
108.0
104.6875
98.25
89.3125
78.9375
69.8125
68.4375
73.0625
73.0
69.75
67.75
65.8125
63.875
62.5625
61.25
59.5625
58.0625
56.875
55.9375
55.0
53.9375
53.125
52.4375
51.75
51.125
50.5625
49.9375
49.3125
48.5625
47.9375
47.4375
47.25
47.9375
51.75
61.625
73.6875
81.1875
85.4375
89.1875
93.125
97.1875
100.375
102.1875
102.75
101.9375
99.0625
93.125
84.5625
74.4375
66.3125
65.875
69.875
69.25
67.125
65.6875
63.75
62.5625
61.6875
60.4375
59.1875
58.0625
57.0625
56.125
55.125
54.375
53.6875
53.0
52.3125
51.625
50.875
50.0625
49.3125
48.625
48.125
47.8125
48.125
50.375
57.875
69.5
78.75
85.25
90.75
95.75
100.625
104.875
107.8125
109.4375
109.6875
107.5
102.625
95.375
86.125
76.0
69.5
71.5
74.75
72.625
70.0625
68.375
66.125
64.4375
63.1875
61.8125
60.375
59.25
58.25
57.25
56.4375
55.625
54.9375
54.3125
53.625
52.875
52.125
51.375
50.75
50.0625
49.5625
49.4375
50.0625
54.125
64.5625
76.625
84.5
90.4375
95.5
100.0625
104.75
108.5
110.375
110.8125
110.0625
107.3125
101.625
93.25
82.9375
73.3125
70.1875
74.25
75.75
72.9375
70.6875
68.625
66.375
64.75
63.4375
61.875
60.5
59.375
58.375
57.375
56.5
55.625
54.9375
54.3125
53.625
52.875
52.125
51.375
50.75
50.125
49.6875
49.625
50.5625
55.1875
66.1875
77.875
85.5625
91.4375
96.0625
100.3125
104.4375
107.5625
109.25
109.5625
107.5
102.9375
96.8125
88.5625
78.3125
69.125
67.3125
71.75
72.1875
69.4375
67.6875
65.8125
63.75
62.25
60.8125
59.125
57.625
56.5
55.5625
54.6875
53.75
52.875
52.1875
51.4375
50.75
50.125
49.4375
48.75
48.0625
47.4375
47.0
46.875
47.5
50.875
60.25
72.4375
80.375
84.8125
88.5
92.5
96.6875
99.9375
101.6875
102.375
101.75
98.75
92.8125
84.5625
74.8125
66.125
64.875
69.75
69.9375
67.1875
65.3125
63.4375
62.25
61.5
60.1875
58.9375
57.875
56.875
55.8125
54.8125
54.0
53.375
52.75
52.0625
51.375
50.625
50.0
49.25
48.5
47.8125
47.5
47.6875
49.375
55.5625
66.875
76.9375
84.125
89.875
94.625
99.4375
104.125
107.5
109.4375
109.8125
107.8125
103.5
96.625
87.5625
77.5
69.6875
69.625
73.5625
72.875
70.1875
68.375
66.3125
64.5
63.4375
62.25
60.8125
59.625
58.5625
57.5625
56.625
55.8125
55.125
54.5
53.875
53.0625
52.3125
51.625
50.875
50.1875
49.6875
49.4375
49.75
52.375
61.25
73.9375
82.875
89.0
94.4375
99.3125
103.8125
107.875
110.5
111.6875
111.125
108.0625
102.5
94.875
85.0625
74.8125
69.5
72.3125
74.9375
72.75
70.4375
68.75
66.625
64.9375
63.625
62.1875
60.6875
59.5
58.375
57.375
56.5
55.75
55.0
54.3125
53.6875
52.875
52.125
51.3125
50.375
49.3125
48.3125
47.6875
47.625
49.6875
57.375
70.0625
80.0625
86.4375
91.4375
95.4375
99.6875
103.625
106.0
107.0
106.5
104.0625
98.9375
91.125
81.125
70.75
65.5
69.1875
72.125
69.125
66.5
64.875
63.0625
62.0625
61.0
59.4375
58.0625
56.9375
56.0625
55.0625
54.0
53.0625
52.375
51.8125
51.125
50.4375
49.75
49.0
48.3125
47.5625
47.0625
46.75
46.9375
48.625
54.875
66.5
76.5
82.0625
86.0625
89.875
93.875
97.6875
100.75
102.8125
103.5
102.0
98.0625
91.8125
83.1875
73.4375
66.4375
67.375
71.0
70.125
68.375
66.8125
64.5
63.0
62.0
60.4375
58.6875
57.375
56.3125
55.25
54.3125
53.5
53.0
52.5
52.0625
51.625
51.0625
50.5
49.9375
49.375
48.9375
48.75
49.375
53.5625
64.25
76.0
83.5
89.125
93.9375
98.6875
103.625
107.375
109.3125
109.9375
108.9375
105.3125
99.0625
90.625
80.8125
72.1875
70.3125
74.5625
75.4375
72.625
70.5625
68.1875
65.875
64.375
63.1875
61.5625
60.0
58.8125
57.75
56.75
55.8125
55.0
54.3125
53.6875
53.0625
52.375
51.6875
51.0625
50.4375
49.9375
49.5625
49.5
50.75
56.625
68.8125
79.875
86.8125
92.4375
97.3125
101.75
106.1875
109.3125
110.75
110.75
109.1875
105.0625
98.375
89.1875
78.5
70.625
71.3125
75.5
74.3125
71.1875
69.25
67.1875
65.25
63.875
62.5
60.8125
59.25
57.875
56.5625
55.4375
54.4375
53.4375
52.625
51.9375
51.1875
50.4375
49.6875
48.9375
48.1875
47.625
47.25
47.1875
48.375
54.1875
66.5
78.0625
84.75
89.3125
93.0
97.0625
101.3125
104.1875
105.5625
105.4375
103.5625
99.3125
92.0625
82.625
72.5625
66.1875
68.5
72.0
69.75
67.4375
66.0
64.3125
63.25
62.0
60.25
58.8125
57.6875
56.6875
55.5625
54.4375
53.4375
52.6875
52.3125
51.5625
50.625
49.625
48.9375
48.4375
47.875
47.3125
47.125
47.3125
49.0625
55.0
66.1875
76.75
83.4375
88.3125
92.75
97.4375
101.8125
105.0625
107.0
107.6875
106.1875
101.6875
94.5625
85.375
75.1875
68.0
69.0
72.875
72.1875
70.0
68.125
65.875
64.25
63.25
62.0
60.625
59.4375
58.3125
57.25
56.3125
55.5
54.75
54.0
53.25
52.5
51.6875
50.9375
50.1875
49.625
49.125
48.9375
49.3125
52.3125
61.5
74.0
82.8125
89.0
94.3125
99.0625
103.625
107.5625
110.0625
111.0625
110.5625
108.0
102.75
94.6875
84.375
74.5
70.5625
74.125
75.875
73.0
70.75
68.9375
66.75
65.1875
64.0625
62.5625
61.0625
59.875
58.75
57.75
56.8125
56.0
55.25
54.5
53.875
53.25
52.5
51.75
51.0625
50.4375
49.9375
49.75
50.5
54.625
65.3125
77.5
85.5625
91.5625
96.4375
100.875
105.375
109.0625
110.9375
111.25
110.0
106.625
100.3125
91.375
80.6875
70.8125
68.25
72.625
73.5625
70.625
68.4375
66.25
64.0625
62.625
61.4375
59.875
58.4375
57.4375
56.375
55.5
54.625
53.75
52.875
52.0625
51.3125
50.625
49.9375
49.3125
48.625
48.0
47.4375
47.3125
48.0625
51.8125
61.875
74.0625
81.625
86.0
89.8125
94.0
98.0
101.125
103.1875
104.1875
103.3125
100.0
94.0
85.4375
75.3125
66.9375
66.375
70.6875
70.4375
68.25
66.4375
64.25
62.875
62.0625
60.8125
59.5
58.375
57.3125
56.375
55.4375
54.625
53.9375
53.3125
52.625
52.0
51.25
50.5
49.625
48.9375
48.375
48.0625
48.25
50.0
56.5625
68.1875
78.3125
85.1875
90.8125
95.875
101.0
105.625
108.8125
110.375
110.6875
109.0
104.375
96.875
87.5
77.25
69.5625
70.125
74.3125
73.375
70.6875
68.9375
66.75
64.8125
63.6875
62.4375
61.125
60.0625
58.9375
57.875
56.9375
56.125
55.375
54.6875
54.0625
53.3125
52.5625
51.9375
51.1875
50.5
49.9375
49.8125
50.5
54.3125
64.4375
76.5625
84.9375
91.0625
96.125
100.5625
105.1875
109.0625
111.25
112.0
111.125
108.0
102.1875
93.75
83.375
73.75
71.0
74.9375
75.5625
72.375
70.3125
68.5
66.5
65.0
63.6875
62.125
60.6875
59.625
58.5625
57.5625
56.625
55.875
55.125
54.5625
53.9375
53.1875
52.4375
51.6875
50.9375
50.3125
49.8125
49.5625
50.1875
54.125
64.5625
76.875
84.75
90.375
95.0
99.1875
103.75
107.375
109.3125
109.8125
108.8125
105.25
98.5625
89.25
78.75
69.625
67.75
72.3125
72.875
70.0
68.0625
65.9375
63.8125
62.4375
61.125
59.5625
58.1875
57.0
55.9375
54.9375
53.9375
53.125
52.375
51.75
51.0625
50.4375
49.8125
49.125
48.375
47.6875
47.25
47.25
48.125
52.5
63.0625
74.75
81.6875
85.9375
89.6875
93.75
97.625
100.5
102.375
102.9375
101.4375
97.5
91.3125
82.75
72.8125
65.25
65.625
69.6875
68.9375
66.9375
65.375
63.375
62.375
61.5625
60.3125
59.0625
57.9375
56.75
55.75
54.8125
54.0625
53.375
52.625
51.9375
51.1875
50.5625
49.9375
49.1875
48.5
47.9375
47.75
48.3125
51.1875
59.75
71.625
80.625
87.3125
92.5625
97.25
101.9375
106.0
108.9375
110.4375
110.25
107.4375
101.5
93.25
83.5625
73.75
68.6875
71.75
74.375
72.125
70.0625
68.1875
65.875
64.375
63.3125
62.0625
60.875
59.875
58.875
57.8125
56.6875
55.6875
54.875
54.25
53.625
52.875
52.1875
51.4375
50.75
50.1875
49.75
49.625
50.8125
56.5
68.4375
79.5625
86.6875
92.4375
97.25
101.6875
106.25
109.5625
111.25
111.5625
110.0
105.9375
99.25
90.125
79.625
71.5
71.375
75.5625
74.8125
71.75
69.8125
67.6875
65.75
64.4375
63.125
61.5625
60.1875
59.125
58.0625
57.0625
56.1875
55.4375
54.75
54.125
53.375
52.625
51.875
51.1875
50.5
50.0
49.625
49.75
51.75
59.375
72.0625
81.875
88.1875
93.5625
98.125
102.3125
106.0
108.5625
109.6875
108.9375
106.0625
100.8125
92.875
83.0625
72.8125
67.0625
70.0
73.375
71.0625
68.375
66.5
64.25
62.625
61.4375
59.9375
58.375
57.125
56.125
55.1875
54.25
53.1875
52.3125
51.75
51.125
50.375
49.6875
49.0
48.3125
47.6875
47.1875
46.875
47.125
49.25
56.5625
68.8125
78.5
83.75
87.4375
91.1875
95.3125
98.875
101.25
102.375
102.125
99.9375
95.125
87.5
77.9375
68.3125
64.4375
68.0
69.625
67.375
65.8125
63.9375
62.4375
61.625
60.5
59.0625
57.75
56.6875
55.75
54.875
54.125
53.5
52.875
52.1875
51.5625
50.9375
50.3125
49.625
48.9375
48.25
47.8125
47.8125
49.0
54.0
64.5625
75.25
82.8125
88.8125
93.6875
98.4375
102.9375
106.375
108.5625
109.625
108.9375
105.25
98.5625
89.9375
79.875
71.0
69.4375
73.8125
74.25
71.6875
69.8125
67.4375
65.125
63.75
62.5
61.1875
60.0
58.875
57.75
56.75
55.875
55.1875
54.75
54.25
53.6875
53.0
52.25
51.5
50.75
50.25
50.0625
50.5625
53.75
63.25
75.8125
84.1875
89.9375
95.0625
100.0625
104.9375
108.9375
111.1875
112.0625
111.4375
108.4375
102.75
94.6875
84.75
74.875
71.0
74.875
76.5625
73.625
71.3125
69.3125
67.125
65.6875
64.6875
63.25
61.8125
60.6875
59.5625
58.25
57.25
56.5
55.75
55.1875
54.6875
54.0625
53.25
52.375
51.6875
51.125
50.6875
50.625
51.5
56.375
67.875
79.6875
87.0625
92.625
97.5
101.9375
106.25
109.5
110.6875
110.5
109.125
105.375
98.5625
89.125
78.3125
69.375
68.5625
73.25
73.1875
70.0625
68.0625
65.875
63.875
62.5625
61.3125
59.75
58.3125
57.0
55.875
55.0
54.125
53.25
52.5
51.875
51.1875
50.4375
49.6875
48.9375
48.3125
47.625
47.125
46.9375
47.9375
52.6875
63.75
75.625
82.375
86.375
90.0625
93.9375
97.6875
100.5625
102.25
102.875
101.625
97.625
91.0625
82.375
72.3125
65.125
66.5
70.25
69.375
67.375
65.375
63.375
62.4375
61.3125
59.9375
58.8125
57.8125
56.8125
55.8125
54.9375
54.25
53.625
52.8125
51.875
51.1875
50.625
50.1875
49.8125
49.25
48.5625
48.125
48.5
51.25
59.8125
71.75
80.625
86.75
91.75
96.4375
101.4375
105.8125
108.75
110.3125
110.1875
107.625
102.25
94.3125
84.75
74.75
69.25
72.0625
75.1875
73.5
71.125
69.0625
66.5
64.9375
64.0
62.625
61.125
59.9375
58.8125
57.9375
57.1875
56.5
55.8125
55.125
54.375
53.8125
53.1875
52.5
51.6875
51.0625
50.8125
50.6875
52.1875
59.125
71.6875
82.3125
89.0
94.1875
99.0
103.8125
108.125
110.9375
112.25
112.5625
111.125
106.625
99.0625
89.5
78.9375
71.6875
72.875
77.0
75.6875
72.75
70.75
68.5625
66.75
65.625
64.25
62.625
61.25
59.9375
58.625
57.5
56.875
56.375
55.9375
55.1875
54.0
52.625
51.375
50.1875
49.1875
48.4375
47.875
47.6875
49.4375
56.875
69.6875
80.3125
86.875
91.5625
95.3125
99.5625
103.5625
105.9375
106.9375
106.6875
104.3125
99.25
91.3125
81.25
71.0625
65.9375
69.6875
72.5
69.4375
66.9375
65.25
63.5625
62.8125
61.6875
60.0
58.6875
57.625
56.5
55.1875
54.0625
53.3125
52.8125
52.375
51.6875
50.875
50.0625
49.25
48.5625
47.9375
47.5
47.375
47.875
50.5
58.375
70.375
79.0
83.6875
87.625
92.1875
96.6875
100.375
103.25
105.25
105.6875
103.75
98.8125
91.4375
82.1875
72.375
66.875
69.1875
71.625
70.25
68.75
66.875
64.5625
63.0625
62.1875
61.0625
59.875
58.75
57.3125
56.1875
55.625
55.25
55.125
55.125
56.875
64.375
76.3125
84.5
88.9375
93.1875
96.875
100.25
103.0625
104.25
103.5
101.125
96.875
90.625
82.6875
73.875
68.5
70.6875
73.9375
72.0625
69.3125
67.5
65.5
64.125
63.4375
62.375
60.75
59.3125
58.125
56.9375
56.0
55.375
54.75
54.0625
53.1875
52.5
52.0
51.625
51.1875
50.5
49.875
49.4375
49.0
48.375
47.875
47.4375
47.1875
46.8125
46.4375
46.375
46.6875
49.0625
58.1875
72.8125
83.6875
90.3125
95.9375
101.75
107.875
112.875
116.0625
117.625
116.75
112.75
106.9375
99.5625
89.75
78.5
70.8125
72.25
76.125
74.25
71.0
69.1875
67.1875
65.1875
63.5625
62.0
60.3125
58.75
57.375
56.125
55.0625
54.3125
53.8125
53.1875
52.5625
51.75
50.8125
49.9375
49.1875
48.4375
47.875
47.5
47.375
48.0625
52.0
62.0625
73.5625
80.4375
84.4375
88.1875
92.1875
96.125
98.9375
100.375
100.5625
99.375
96.0
89.9375
81.5
71.5625
64.25
65.1875
68.9375
68.0
66.4375
65.0625
62.8125
61.3125
60.3125
59.375
58.5
57.625
56.5625
55.3125
54.125
53.1875
52.6875
52.75
54.0625
59.0
68.8125
77.75
82.625
86.625
90.4375
94.25
97.75
99.8125
100.6875
100.1875
97.5625
92.5625
85.1875
76.0625
67.875
65.6875
69.375
70.75
68.8125
66.875
64.625
62.75
61.9375
61.0625
59.875
58.5625
57.1875
55.875
54.9375
54.3125
54.0625
54.0
54.75
60.1875
72.6875
84.5625
90.5
94.9375
99.5
103.625
107.3125
109.875
110.75
109.6875
106.25
100.625
93.0625
83.5
74.25
71.25
74.875
75.6875
72.5625
70.125
68.25
66.3125
65.0
64.0
62.625
61.0
59.6875
58.75
57.8125
57.0
56.375
55.75
55.0625
54.1875
53.25
52.5625
51.875
51.3125
50.8125
50.3125
49.75
49.1875
48.6875
48.0625
47.5
47.25
47.0625
46.6875
46.375
46.4375
47.125
50.5625
61.4375
76.3125
86.25
91.6875
96.875
102.8125
108.875
113.5625
116.1875
116.75
114.875
110.5625
104.0625
95.0625
83.9375
73.375
69.375
73.625
75.75
72.5625
69.8125
67.625
65.25
63.5625
62.375
61.0
59.5625
58.25
57.0
55.8125
54.875
54.0625
53.0625
52.25
51.625
51.0
50.5
49.75
48.875
48.125
47.375
46.75
46.125
45.625
45.1875
44.75
44.3125
44.0
43.875
44.625
48.875
59.5625
72.0625
79.75
83.75
87.0625
91.125
95.5
99.0
101.5
102.9375
102.4375
99.25
93.1875
84.5
74.3125
65.5625
64.1875
68.8125
69.5
67.75
66.4375
64.4375
62.75
61.8125
60.6875
59.625
58.5625
57.5
56.4375
55.4375
54.4375
53.625
53.125
53.5
56.8125
65.4375
75.5625
81.4375
85.375
88.9375
92.3125
95.625
98.125
99.0625
97.9375
94.875
89.8125
82.875
74.625
67.1875
65.75
69.6875
70.625
68.25
66.125
63.9375
62.25
61.375
60.4375
59.25
58.25
57.125
55.875
54.8125
54.1875
53.875
53.8125
54.5
58.75
70.1875
83.0
90.0625
94.5
98.9375
103.0625
106.8125
109.625
110.75
110.1875
107.5
102.5
95.1875
85.625
75.8125
70.9375
73.8125
76.125
73.6875
71.3125
69.5625
67.5625
65.9375
64.75
63.375
61.625
60.375
59.375
58.3125
57.5
56.8125
56.125
55.3125
54.5
53.625
52.8125
52.3125
51.875
51.4375
50.875
50.25
49.5625
48.9375
48.4375
48.1875
47.9375
47.625
47.375
47.0625
46.8125
46.875
48.8125
56.9375
71.3125
82.9375
89.3125
94.1875
99.3125
104.875
109.5
112.0
112.9375
112.3125
108.9375
103.25
95.1875
84.75
73.8125
67.625
70.375
73.875
71.6875
69.0625
67.4375
65.375
63.625
62.375
60.875
59.25
57.9375
56.875
55.875
54.9375
53.75
52.8125
51.9375
51.1875
50.6875
50.0625
49.375
48.75
48.125
47.4375
46.8125
46.25
45.6875
45.1875
44.75
44.3125
44.0
43.75
43.8125
44.9375
50.25
61.75
73.125
79.625
83.4375
87.0
91.25
95.8125
99.0625
100.75
101.375
100.0
96.0625
89.75
81.3125
71.5625
64.1875
64.625
68.625
68.125
66.6875
65.5625
63.75
62.5625
61.75
60.5
59.25
57.9375
56.5625
55.3125
54.3125
53.625
53.1875
52.8125
53.3125
57.1875
66.3125
76.1875
81.6875
85.6875
89.4375
92.8125
96.0625
98.25
98.875
98.0
95.3125
90.3125
83.0625
74.4375
67.0
65.875
69.75
70.4375
68.0625
66.0625
64.0
62.25
61.5
60.6875
59.3125
58.0625
56.9375
55.8125
54.8125
54.125
53.5
52.875
52.375
51.6875
50.9375
50.5625
50.3125
49.9375
49.375
48.75
48.1875
47.5
47.0
46.4375
46.0
45.75
45.5625
45.4375
45.5
46.875
53.8125
67.4375
79.4375
86.8125
92.6875
98.375
104.25
109.6875
113.625
115.625
115.8125
113.75
109.1875
102.1875
93.0625
82.5625
73.4375
71.4375
76.0625
76.8125
73.8125
71.6875
69.625
67.4375
66.0
64.8125
63.3125
61.8125
60.4375
59.1875
58.1875
57.25
56.4375
55.875
55.25
54.6875
54.0
53.25
52.4375
51.6875
51.1875
50.8125
50.6875
51.6875
56.875
68.25
79.5
86.5625
91.8125
96.3125
100.75
104.9375
107.8125
109.0
109.125
107.75
103.625
96.625
87.6875
77.4375
69.0625
68.5625
72.4375
71.625
68.375
66.125
63.875
62.0625
61.1875
60.1875
58.6875
57.3125
56.0625
54.875
53.6875
52.6875
51.875
51.3125
50.875
50.5
49.8125
49.125
48.3125
47.5625
46.875
46.375
46.5625
49.0
57.1875
69.6875
79.0625
84.4375
88.0
91.5625
95.4375
98.9375
101.4375
102.5625
102.0625
99.75
94.75
86.8125
76.75
66.8125
63.3125
67.6875
69.6875
67.5
65.75
63.75
61.875
60.625
59.375
58.375
57.375
56.3125
55.125
53.875
53.0625
52.375
51.75
51.0
50.375
49.875
49.375
49.0
48.6875
48.375
48.3125
48.8125
50.9375
57.5625
68.1875
77.1875
83.75
88.8125
93.0
97.4375
101.5
104.625
106.6875
107.0625
104.3125
98.75
91.9375
83.6875
74.1875
67.5625
68.6875
72.0625
71.625
69.9375
68.1875
65.875
64.1875
63.0625
61.9375
60.8125
59.75
58.4375
57.0625
56.0
55.1875
54.875
54.625
55.25
59.9375
71.125
82.25
88.0625
92.3125
96.375
99.875
103.1875
105.5625
106.125
104.875
101.8125
96.6875
89.5
80.5
71.875
69.0625
72.5
73.625
71.0
68.875
67.0
64.9375
63.5625
62.5
61.1875
60.0625
59.0
57.875
56.875
55.9375
55.1875
54.5
53.9375
53.25
52.625
52.0
51.375
50.875
50.375
49.875
49.3125
48.75
48.25
47.8125
47.3125
46.875
46.625
46.4375
46.8125
49.9375
60.375
74.75
84.875
91.5625
97.0
102.125
107.6875
112.5625
115.875
117.4375
116.375
112.375
106.375
98.25
88.1875
77.0
69.125
70.4375
74.75
73.5
70.6875
68.8125
66.75
64.9375
63.625
62.1875
60.4375
58.875
57.5
56.375
55.4375
54.625
53.875
53.0625
52.125
51.125
50.375
49.625
49.0625
48.6875
49.0
51.375
59.0
70.6875
79.1875
83.75
87.4375
91.125
94.9375
98.0
99.8125
100.1875
99.0625
95.9375
90.3125
82.3125
72.8125
64.8125
64.3125
68.5
68.1875
66.0625
64.6875
62.8125
61.9375
61.0625
59.6875
58.625
58.125
58.4375
61.625
69.5
76.5625
79.5625
82.125
84.625
86.25
87.0625
86.375
84.0
79.875
74.0
66.8125
60.125
58.625
62.5625
64.125
62.5
61.25
59.6875
57.9375
57.1875
56.3125
55.25
54.4375
53.625
52.625
51.75
51.0
50.375
49.9375
49.5625
49.1875
48.8125
48.3125
47.8125
47.3125
46.8125
46.375
45.9375
45.4375
45.0625
44.625
44.1875
43.75
43.375
43.0
42.75
42.6875
42.875
43.1875
44.3125
49.5
62.375
76.875
85.9375
92.1875
98.4375
104.875
110.8125
115.5
117.75
116.5625
113.375
109.375
103.6875
95.375
85.5
76.4375
73.9375
77.75
78.125
74.9375
72.5625
70.5625
68.375
66.6875
65.3125
63.75
62.25
60.9375
59.75
58.5625
57.5625
56.8125
56.125
55.5
54.75
54.0625
53.375
52.625
51.9375
51.375
50.75
50.0625
49.4375
48.9375
48.4375
48.0
47.6875
47.5
47.625
49.4375
56.9375
70.0625
80.75
87.6875
93.1875
97.8125
102.625
107.125
109.5625
110.375
110.1875
108.125
102.9375
95.0625
85.25
74.625
67.4375
69.0625
73.0
71.375
68.4375
66.5625
64.375
62.6875
61.75
60.4375
58.8125
57.375
56.125
55.125
54.25
53.375
52.5
51.75
51.0625
50.4375
49.75
49.0
48.25
47.5625
47.0
46.6875
47.25
51.125
61.875
74.5
81.4375
85.125
88.5
92.0625
95.4375
97.4375
97.625
95.875
91.75
85.125
76.75
67.875
62.25
64.4375
67.625
65.625
63.75
62.5625
61.0625
60.1875
59.3125
58.0625
56.8125
55.625
54.5625
53.5625
52.8125
52.125
51.4375
50.875
50.4375
49.9375
49.375
48.875
48.25
47.6875
47.0625
46.5625
46.125
46.125
47.3125
52.3125
62.75
73.25
80.8125
86.875
91.8125
96.75
101.5625
105.3125
107.6875
108.5
107.0
102.6875
95.9375
87.1875
77.375
69.375
68.5625
73.0
73.375
70.625
68.5
66.25
64.125
62.6875
61.5
60.1875
59.0
58.0
57.0
56.0
55.1875
54.5
54.0
53.375
52.6875
52.0625
51.375
50.75
50.0625
49.5625
49.25
49.8125
53.625
64.0
76.1875
84.125
89.875
94.8125
99.25
103.5625
107.0
108.9375
109.5625
108.75
105.5625
99.4375
90.9375
81.125
71.875
68.9375
72.875
74.3125
71.75
69.75
67.9375
66.0625
64.625
63.3125
61.6875
60.0625
58.875
57.8125
56.75
55.8125
55.0625
54.4375
53.8125
53.125
52.375
51.6875
51.0
50.375
49.8125
49.5
49.5625
51.4375
58.625
71.0625
81.1875
87.75
93.0
97.375
102.0
106.3125
109.0625
110.125
109.625
106.875
101.75
94.25
84.6875
74.0625
67.125
68.6875
71.9375
70.25
67.75
65.9375
63.75
62.0625
60.875
59.5625
58.0625
56.6875
55.5625
54.5
53.5625
52.625
51.875
51.1875
50.5625
49.875
49.1875
48.5625
47.8125
47.0
46.375
46.0625
46.375
48.75
56.5625
68.875
78.1875
83.25
86.9375
90.75
94.75
98.0
100.0625
101.125
100.875
98.25
92.875
85.25
75.6875
66.375
62.875
67.0
68.6875
66.5
65.0
63.0
61.3125
60.4375
59.4375
58.125
56.875
55.6875
54.5625
53.625
52.9375
52.3125
51.8125
51.3125
50.8125
50.1875
49.4375
48.875
48.3125
47.8125
47.5
47.8125
49.875
56.875
67.875
76.9375
83.5
88.8125
93.5
98.3125
102.625
105.5
107.0625
107.375
105.3125
100.6875
93.5
84.375
74.5625
67.9375
69.3125
73.3125
72.4375
69.75
67.5625
65.4375
63.75
62.5
61.125
59.625
58.4375
57.375
56.375
55.5
54.75
54.0
53.375
52.8125
52.1875
51.5625
50.875
50.3125
49.875
49.5625
49.4375
50.375
55.875
67.5625
78.5
85.5625
91.4375
96.4375
100.9375
105.1875
108.5
110.1875
110.3125
108.75
104.625
98.25
89.6875
79.4375
70.8125
69.875
74.0625
74.1875
71.4375
69.4375
67.375
65.3125
64.0
62.75
61.1875
59.75
58.5
57.4375
56.4375
55.6875
54.9375
54.4375
53.8125
53.125
52.3125
51.5625
50.8125
50.25
49.8125
49.5625
49.9375
52.6875
61.5
73.8125
82.625
88.875
94.125
98.625
103.1875
107.375
109.8125
110.25
109.0625
105.875
100.1875
92.0625
81.8125
71.5625
66.5625
69.5625
71.9375
69.5
67.125
65.1875
63.0625
61.6875
60.625
59.25
57.75
56.5
55.3125
54.3125
53.3125
52.375
51.6875
51.0625
50.4375
49.75
49.125
48.5
47.75
47.0
46.4375
46.25
46.875
50.625
60.5625
72.625
80.3125
84.8125
88.625
92.625
96.4375
99.375
101.1875
101.6875
100.5625
97.5625
91.8125
83.4375
73.375
65.0
64.375
68.8125
68.5625
66.1875
64.8125
62.875
61.3125
60.125
59.0
57.9375
56.75
55.5
54.1875
53.0
52.125
51.4375
50.875
50.375
50.0625
49.5625
49.125
48.6875
48.1875
47.875
47.75
48.3125
51.1875
59.1875
70.0
78.4375
84.8125
89.4375
93.75
98.3125
102.25
105.1875
106.75
106.5625
104.125
98.625
90.5
80.875
71.5
66.75
69.625
72.3125
70.5
68.6875
66.9375
64.625
63.125
62.125
60.875
59.625
58.4375
57.0625
55.6875
54.625
53.8125
53.25
52.75
52.3125
51.8125
51.3125
50.6875
49.9375
49.375
49.0625
49.4375
52.1875
61.0
73.4375
82.3125
88.4375
93.5
97.75
102.25
106.4375
109.1875
110.1875
109.75
106.9375
101.0
92.9375
83.625
74.0625
69.0
71.875
74.5625
72.4375
70.125
68.3125
66.0625
64.4375
63.3125
62.0
60.5625
59.375
58.3125
57.1875
56.3125
55.5625
54.8125
54.25
53.625
52.9375
52.1875
51.3125
50.5625
50.0
49.6875
49.6875
50.6875
55.875
67.4375
78.8125
86.0
91.5625
96.375
101.0625
105.625
108.8125
110.3125
110.6875
109.125
104.5
97.25
88.3125
78.0
69.25
68.0625
72.125
72.0625
69.0
67.0
64.9375
63.0625
61.6875
60.3125
58.75
57.3125
56.0625
54.9375
53.875
52.875
52.125
51.5
50.875
50.3125
49.6875
49.0
48.25
47.4375
46.75
46.375
46.3125
47.75
53.5
65.25
76.375
82.8125
86.9375
90.6875
94.75
98.4375
101.0
102.5625
102.875
100.875
96.25
89.25
80.3125
70.4375
64.0625
66.3125
70.0625
68.5
66.5625
65.1875
63.625
62.1875
60.625
58.9375
57.6875
56.5
55.3125
54.125
53.125
52.4375
51.9375
51.4375
51.0
50.5
49.9375
49.4375
48.8125
48.25
47.875
47.875
48.8125
53.0625
62.875
73.4375
81.0625
86.8125
91.4375
96.0625
100.4375
104.0625
106.625
107.5
106.1875
102.75
96.6875
88.25
78.5
69.75
67.3125
71.25
72.5
70.25
68.5
66.5625
64.5
63.1875
62.0
60.5625
59.25
58.0625
56.875
55.75
54.8125
54.0
53.375
52.8125
52.25
51.625
51.0625
50.5
49.875
49.4375
49.25
49.625
52.5625
61.8125
74.25
82.75
88.8125
94.0
98.5625
103.25
107.0625
109.4375
110.5625
110.125
107.1875
101.5625
93.5625
83.375
73.25
68.75
72.0
74.5
72.1875
69.875
68.1875
66.375
65.1875
64.0
62.375
60.6875
59.4375
58.3125
57.0625
56.125
55.3125
54.5625
53.9375
53.375
52.75
52.0625
51.375
50.6875
50.0625
49.6875
49.5625
50.75
56.625
68.6875
79.8125
86.6875
92.1875
96.8125
101.1875
105.75
109.0
110.5625
110.4375
108.625
104.5
97.8125
88.5
77.5
68.875
68.4375
72.5625
72.0
69.1875
67.3125
65.125
63.125
61.8125
60.5625
59.0625
57.6875
56.5
55.375
54.375
53.4375
52.6875
52.0
51.3125
50.625
49.9375
49.25
48.5625
47.8125
47.25
46.8125
46.75
48.0
53.75
65.6875
76.875
83.25
87.375
91.0625
94.9375
98.6875
101.5
103.0625
103.125
101.4375
97.4375
90.4375
81.0625
70.875
64.4375
67.0625
70.8125
68.875
66.5625
64.6875
62.9375
62.1875
61.3125
59.625
57.9375
56.8125
55.75
54.625
53.5625
52.75
52.0625
51.375
50.9375
50.4375
49.9375
49.5
49.0625
48.5625
48.1875
48.25
49.25
53.0
62.1875
72.6875
80.4375
86.25
90.8125
95.375
99.8125
103.4375
106.25
107.5
106.0625
102.25
96.8125
89.625
80.5
71.8125
68.875
72.625
73.9375
71.5
69.4375
67.1875
65.0625
63.875
62.75
61.4375
60.4375
59.875
60.625
65.3125
75.0
82.8125
85.8125
88.3125
90.75
92.3125
92.9375
92.125
89.3125
84.6875
78.5
71.0625
64.25
62.4375
66.1875
67.9375
65.75
63.75
62.375
60.75
59.5
58.625
57.4375
56.125
55.0625
54.0625
53.125
52.375
51.6875
51.1875
50.75
50.3125
49.875
49.5
49.0
48.4375
47.875
47.3125
46.8125
46.3125
46.0
45.75
45.4375
45.125
44.625
44.25
43.875
43.625
43.3125
43.125
43.3125
45.8125
55.5
71.25
82.875
89.8125
95.625
101.6875
107.9375
113.5
117.0625
118.3125
117.5625
114.625
108.8125
100.375
90.125
78.625
70.6875
71.9375
76.1875
74.5
71.375
69.375
67.1875
65.25
63.5625
61.9375
60.3125
58.8125
57.5
56.4375
55.4375
54.625
53.6875
52.75
52.0
51.375
50.75
50.0625
49.375
48.6875
47.9375
47.125
46.375
45.8125
45.3125
45.3125
46.75
52.625
64.625
75.9375
82.0625
85.8125
89.3125
93.25
97.1875
99.8125
101.0625
101.125
99.25
94.5625
87.4375
78.4375
68.875
63.4375
66.3125
69.1875
67.375
65.625
63.6875
61.5
60.4375
59.5625
58.375
57.125
56.0
55.0
53.9375
53.0625
52.5
52.0
51.5625
51.0
50.375
49.75
49.125
48.5
48.0
47.5
47.3125
48.0
51.9375
61.5625
72.3125
80.125
86.0625
90.8125
95.4375
100.0
103.5625
105.9375
106.9375
105.75
102.0
95.625
87.25
77.6875
69.0625
66.8125
70.8125
72.0
69.75
67.875
65.8125
63.75
62.5625
61.4375
60.0
58.75
57.75
56.625
55.5
54.5
53.75
53.25
52.9375
52.6875
53.3125
57.625
68.3125
79.5625
85.6875
90.0
94.1875
97.75
101.0625
103.75
104.625
103.625
101.0
96.4375
89.5
80.5
71.375
67.1875
70.1875
72.1875
69.75
67.5625
65.875
64.0
62.625
61.6875
60.3125
58.8125
57.6875
56.625
55.625
54.6875
53.9375
53.1875
52.5
51.8125
51.1875
50.625
50.0625
49.5625
49.0625
48.5625
48.0625
47.5
47.0
46.5625
46.0625
45.75
45.5
45.6875
47.75
55.9375
69.6875
80.4375
87.375
93.3125
98.5625
103.9375
109.0
112.5625
114.125
113.625
110.625
104.75
97.0625
87.5625
76.8125
68.5625
69.0625
73.6875
72.875
70.0
68.3125
66.125
63.875
62.25
60.875
59.375
57.9375
56.75
55.625
54.6875
53.875
53.0625
52.375
51.625
50.8125
50.125
49.4375
48.75
48.0
47.3125
46.8125
46.6875
47.5625
51.6875
61.9375
73.6875
80.875
85.0
88.4375
92.0
95.5625
98.375
100.25
100.8125
99.75
96.1875
89.625
80.75
70.75
63.3125
64.0625
68.1875
67.5
65.75
64.1875
62.1875
61.0
60.125
58.875
57.625
56.4375
55.375
54.375
53.3125
52.5
51.9375
51.4375
50.9375
50.4375
49.875
49.3125
48.75
48.25
47.75
47.5
47.875
50.0625
57.4375
68.625
77.6875
84.375
89.5625
94.125
98.9375
103.3125
106.3125
107.9375
108.0625
105.9375
101.375
94.1875
84.75
74.75
68.5625
70.625
73.875
72.0625
69.625
67.9375
65.6875
64.0
62.875
61.5
60.0
58.75
57.625
56.5625
55.625
54.9375
54.375
53.8125
53.1875
52.5625
51.9375
51.25
50.625
49.9375
49.5
49.3125
50.125
54.6875
65.5625
77.25
84.9375
90.625
95.3125
99.75
104.1875
107.5625
109.3125
109.9375
108.9375
105.375
99.0
90.5625
80.75
71.9375
69.75
73.75
74.5625
71.9375
70.0
67.9375
65.75
64.25
63.0
61.5625
60.25
59.1875
58.0625
57.0
56.0
55.25
54.5625
53.9375
53.3125
52.625
51.9375
51.25
50.6875
50.1875
49.75
49.625
50.75
56.3125
68.1875
79.5625
86.875
92.5
97.25
101.75
106.1875
109.375
110.875
110.9375
109.0625
104.625
97.875
88.8125
78.25
69.75
69.125
73.1875
72.75
69.8125
67.875
65.6875
63.5625
62.0625
60.625
59.0625
57.6875
56.625
55.5625
54.625
53.75
53.0
52.3125
51.5625
50.8125
50.1875
49.5625
48.875
48.1875
47.5625
47.0625
47.0
48.25
53.8125
65.3125
76.1875
82.5
86.6875
90.5625
94.6875
98.5
101.125
102.5625
102.625
100.875
96.6875
89.8125
80.6875
70.4375
63.9375
66.25
70.0625
68.5
66.5
64.9375
63.1875
62.1875
60.8125
59.4375
58.375
57.1875
55.9375
54.75
53.8125
53.1875
52.6875
52.25
51.75
51.3125
50.75
50.125
49.4375
48.8125
48.3125
48.125
48.6875
51.8125
60.375
71.4375
79.8125
86.25
91.4375
96.3125
101.125
104.9375
107.3125
108.75
108.6875
105.9375
100.4375
92.875
83.625
73.9375
68.8125
71.625
74.0625
71.9375
69.9375
68.0625
65.75
64.125
62.9375
61.5
60.125
59.0
57.9375
56.9375
56.125
55.375
54.8125
54.25
53.625
52.9375
52.25
51.625
51.0625
50.5
50.125
50.125
51.8125
58.875
71.25
81.5
88.0
93.375
98.125
102.9375
107.25
110.125
111.625
111.75
110.0
105.4375
98.1875
89.1875
79.125
71.6875
72.4375
76.0
74.625
71.875
70.125
68.0
66.0
64.5625
63.1875
61.6875
60.375
59.375
58.3125
57.3125
56.4375
55.6875
55.125
54.5
53.8125
53.0
52.25
51.5
50.8125
50.3125
50.0625
50.3125
52.9375
61.625
74.3125
83.5625
89.6875
94.8125
99.125
103.3125
106.8125
109.0625
110.0
109.3125
106.125
100.5625
92.75
83.125
73.0
67.4375
70.375
73.375
71.25
68.9375
66.875
64.5
62.6875
61.3125
59.875
58.375
57.125
56.0625
55.125
54.1875
53.1875
52.375
51.625
51.0
50.4375
49.8125
49.0625
48.3125
47.625
47.0625
46.8125
47.25
49.6875
57.625
70.0
79.1875
84.125
87.8125
91.75
95.875
99.1875
101.375
102.3125
101.9375
99.375
94.125
86.25
76.625
67.3125
64.25
68.75
69.875
67.1875
65.5
63.875
62.625
61.75
60.4375
59.0625
57.875
56.875
55.8125
54.8125
54.0625
53.5
52.9375
52.3125
51.6875
51.0
50.375
49.6875
48.9375
48.25
47.875
48.0625
49.6875
56.0
67.1875
77.0625
84.1875
89.9375
94.8125
99.625
103.9375
107.125
109.1875
109.875
108.3125
103.6875
96.625
87.8125
77.875
70.0
70.125
74.0
73.25
70.6875
68.875
66.75
64.8125
63.625
62.375
60.9375
59.8125
58.6875
57.625
56.6875
56.0
55.625
55.4375
56.25
61.0625
71.875
82.1875
87.3125
91.1875
95.125
98.5
101.5625
103.4375
103.375
101.5
97.6875
91.9375
84.25
75.3125
68.5625
69.125
72.75
71.8125
69.0
67.1875
65.25
63.625
62.5625
61.4375
59.9375
58.75
57.8125
56.6875
55.6875
54.875
54.1875
53.5
52.875
52.25
51.6875
51.125
50.5
50.0
49.5
49.0
48.5
48.0
47.625
47.1875
46.75
46.3125
45.875
45.5
45.375
45.8125
49.25
59.9375
73.6875
82.625
88.8125
94.4375
99.75
105.3125
110.1875
113.125
113.5
112.125
108.6875
102.8125
94.8125
84.875
74.5625
68.75
71.875
75.375
72.6875
69.6875
67.8125
65.6875
64.125
63.0625
61.5625
59.9375
58.5625
57.3125
56.25
55.25
54.25
53.5
52.875
52.25
51.5625
50.875
50.125
49.3125
48.625
48.0625
47.75
47.6875
48.5625
52.5
62.375
73.6875
80.5625
84.6875
88.3125
92.0625
95.625
98.375
100.125
100.5625
99.375
95.875
89.4375
80.8125
70.875
63.4375
64.0
68.1875
67.75
66.0625
64.625
62.5625
61.375
60.625
59.5
58.375
57.3125
56.25
55.3125
54.4375
53.6875
53.0
52.3125
51.5625
50.8125
50.1875
49.4375
48.75
48.25
48.0
48.25
50.25
57.1875
68.6875
78.375
85.0625
90.5
95.5
100.3125
104.6875
108.0
109.75
109.4375
106.875
102.0625
95.125
86.25
76.375
69.375
70.3125
74.0625
72.9375
70.5625
68.9375
66.75
64.875
63.8125
62.6875
61.4375
60.4375
59.3125
58.0625
57.0
56.1875
55.4375
54.75
54.0625
53.375
52.8125
52.25
51.8125
51.875
54.125
62.25
74.6875
84.0
90.0625
94.9375
99.0
103.25
107.375
110.0625
110.8125
109.875
107.1875
102.25
94.8125
85.3125
75.4375
70.6875
73.5
75.5625
73.1875
71.0625
69.4375
67.3125
65.625
64.3125
62.875
61.375
60.1875
59.0625
58.0
57.0
56.1875
55.5
54.8125
54.125
53.4375
52.9375
52.75
53.6875
58.6875
70.0625
81.6875
88.9375
94.3125
98.75
102.9375
107.0
110.0
111.375
111.1875
109.25
105.0
98.0625
88.6875
78.0
69.9375
70.0625
73.75
72.625
69.5
67.375
65.1875
63.25
61.9375
60.6875
59.25
58.0
56.8125
55.5625
54.5
53.5
52.6875
51.9375
51.375
50.875
50.3125
49.6875
49.0625
48.3125
47.6875
47.0625
46.4375
45.8125
45.1875
44.6875
44.1875
43.875
44.0
45.5625
52.0625
65.0
76.875
83.3125
87.0625
90.875
95.5625
100.25
103.9375
106.0625
106.625
104.8125
100.5625
93.5625
84.0625
73.5
65.875
67.1875
71.375
70.0625
67.8125
66.4375
64.6875
63.5625
62.5625
61.1875
59.75
58.4375
57.25
56.0625
55.0625
54.375
53.875
53.25
52.5625
51.8125
51.25
50.6875
50.0625
49.5625
49.1875
49.1875
50.25
54.25
63.5
73.75
80.9375
86.375
90.8125
95.25
99.5
103.0
105.5625
106.75
105.625
101.375
94.9375
87.1875
77.875
69.75
68.875
72.625
72.5625
70.4375
68.875
66.75
64.5625
63.375
62.1875
60.6875
59.3125
58.0625
56.875
55.875
55.125
54.6875
54.4375
53.9375
53.25
52.6875
52.0625
51.3125
50.5625
50.0625
49.875
50.0625
51.9375
59.375
71.9375
82.125
88.75
94.125
98.8125
103.5
107.75
110.5625
111.875
112.125
110.375
105.8125
99.0
90.125
79.75
71.75
72.1875
76.25
75.4375
72.6875
70.6875
68.4375
66.375
65.0625
63.8125
62.3125
61.1875
60.125
58.9375
57.8125
56.9375
56.25
55.6875
55.0
54.3125
53.5625
52.875
52.3125
51.75
51.125
50.75
51.125
54.25
63.75
76.25
84.875
90.6875
95.5625
99.75
103.75
107.1875
109.125
109.625
108.3125
104.5
98.6875
90.9375
81.125
71.3125
67.25
71.0
73.1875
70.4375
68.0625
66.125
64.125
62.8125
61.8125
60.3125
58.6875
57.1875
55.875
54.875
54.0
53.3125
52.625
51.9375
51.125
50.3125
49.5625
48.875
48.1875
47.5625
47.0625
46.875
47.3125
50.125
58.875
71.5
80.1875
84.75
88.4375
92.375
96.4375
99.6875
101.875
102.875
102.4375
99.6875
94.3125
86.625
77.0
67.8125
64.75
68.4375
69.375
67.375
65.9375
64.0625
62.625
61.8125
60.5625
59.3125
58.0625
56.8125
55.8125
55.0
54.3125
53.5
52.6875
51.9375
51.4375
51.0
50.4375
49.75
49.0625
48.5
48.0625
48.1875
50.3125
57.6875
69.375
78.75
85.25
90.625
95.5625
100.375
104.5
107.4375
109.625
110.125
107.875
102.9375
95.6875
86.625
76.5
69.875
71.5625
75.0
73.375
70.625
68.875
66.875
65.5
64.625
63.6875
63.0
63.625
66.6875
73.9375
81.9375
85.5625
87.4375
89.5
90.75
90.875
89.4375
86.125
81.3125
75.1875
68.0
62.25
62.0625
66.0
67.125
65.0625
63.1875
61.8125
60.5
59.5625
58.8125
57.6875
56.4375
55.4375
54.5625
53.6875
52.9375
52.25
51.8125
51.4375
51.0
50.625
50.0625
49.4375
48.875
48.375
48.0625
47.75
47.3125
46.75
46.25
45.8125
45.5
45.3125
45.125
44.75
44.625
44.8125
45.125
47.5
57.0625
72.75
84.8125
91.3125
96.625
102.8125
109.0
113.75
116.3125
116.4375
114.4375
110.5625
104.375
95.6875
85.1875
74.625
69.375
73.0
76.0625
73.1875
70.375
68.4375
66.1875
64.4375
63.0
61.5
59.875
58.4375
57.25
56.3125
55.375
54.4375
53.5625
52.9375
52.125
51.25
50.5
49.8125
49.125
48.5625
47.9375
47.1875
46.5
45.8125
45.25
44.75
44.4375
44.3125
44.9375
48.4375
58.3125
71.25
79.4375
83.5
86.6875
90.5625
95.0
98.6875
100.9375
101.75
101.0
98.375
93.0625
85.125
75.1875
66.0625
63.8125
67.6875
68.3125
66.3125
65.25
63.625
62.1875
61.375
60.3125
59.125
57.9375
56.75
55.5625
54.625
53.875
53.25
52.75
52.625
53.75
59.375
70.0
78.9375
83.9375
88.0
91.4375
94.625
97.6875
99.625
99.9375
98.5625
95.3125
89.75
82.125
73.375
66.6875
67.125
70.8125
70.5
68.3125
66.5625
64.3125
62.375
61.3125
60.0625
58.5625
57.625
56.6875
55.5625
54.6875
54.0
53.5
53.0
52.3125
51.625
51.0625
50.5
50.0
49.5
49.1875
48.875
48.5
47.8125
47.125
46.625
46.0625
45.625
45.4375
45.4375
45.625
47.3125
55.0
69.0
80.4375
87.625
93.5625
99.4375
105.1875
110.0625
113.875
116.125
115.8125
112.8125
108.375
102.375
94.0
83.5625
74.375
72.5
76.3125
76.375
73.4375
71.5
69.4375
67.3125
65.75
64.1875
62.1875
60.125
58.5
57.3125
56.1875
54.875
53.875
52.9375
52.0625
51.25
50.5
49.875
49.25
48.5625
47.8125
47.25
46.8125
47.3125
51.625
62.5625
74.5625
82.0
86.375
89.875
93.625
97.5
100.375
101.6875
101.4375
100.0
96.5
90.1875
81.4375
71.5625
64.125
65.25
69.75
68.5625
65.8125
64.25
62.6875
61.875
61.125
59.875
58.4375
57.0625
55.6875
54.375
53.375
52.75
52.3125
52.0
51.25
50.5
49.5
48.5625
47.75
47.25
46.9375
47.0625
48.0625
51.5625
60.25
71.375
79.5
85.3125
90.0
94.5
99.125
102.875
105.375
106.9375
106.8125
103.9375
98.125
90.125
80.625
71.375
67.3125
70.5
73.0
71.375
69.5
67.5
65.25
63.75
62.5625
61.3125
60.25
59.3125
58.0625
56.6875
55.4375
54.625
54.5
54.8125
57.125
65.125
76.9375
84.75
88.8125
93.0
97.0
100.375
103.0625
104.4375
104.125
102.0
97.875
91.5625
83.0625
73.875
68.4375
70.5625
73.75
72.1875
69.6875
67.625
65.4375
63.9375
62.875
61.5
60.0625
59.125
58.1875
57.125
56.25
55.5
55.0625
55.8125
60.75
72.6875
85.125
91.75
96.0
100.0625
104.0
107.75
110.125
110.75
109.8125
106.6875
101.1875
93.5
83.75
74.125
70.6875
74.3125
75.75
72.75
70.125
68.0
65.6875
63.8125
62.1875
60.375
58.4375
56.9375
55.875
55.125
54.4375
53.5
52.4375
51.6875
51.0625
50.25
49.5
48.75
48.1875
47.75
47.1875
46.5625
45.9375
45.375
44.9375
44.5625
44.125
43.6875
43.1875
42.8125
42.6875
43.0
45.375
54.6875
69.75
80.875
85.8125
89.0625
93.5625
98.9375
103.75
107.3125
109.125
108.375
104.9375
99.1875
91.125
81.3125
71.3125
67.0625
71.5
73.8125
71.0
69.0
67.1875
65.3125
63.875
62.625
61.375
60.125
58.875
57.625
56.5
55.6875
54.9375
54.3125
53.6875
53.1875
52.625
51.875
51.0625
50.25
49.625
49.1875
48.625
48.0
47.4375
46.9375
46.4375
46.125
46.0
45.875
45.6875
45.5625
45.8125
47.6875
54.9375
67.375
77.625
84.25
89.75
95.125
100.5
105.4375
109.5
112.0625
111.5
107.9375
103.125
96.8125
88.125
77.75
70.1875
71.375
76.25
75.6875
72.5625
70.3125
68.0
66.0625
64.875
63.75
62.5
61.375
60.1875
58.75
57.4375
56.4375
55.6875
55.1875
54.6875
54.25
53.8125
53.0
52.1875
51.5
50.625
50.0
49.5625
49.3125
49.0625
48.625
48.5625
50.6875
58.75
71.5
81.1875
87.125
92.0625
96.9375
101.75
106.125
108.875
110.0
110.0625
108.0
102.875
95.1875
85.4375
74.8125
67.75
69.125
72.75
71.1875
68.3125
66.25
64.3125
62.6875
61.3125
60.0625
58.875
57.75
56.4375
55.1875
54.25
53.25
52.375
51.8125
51.375
50.8125
50.125
49.1875
48.3125
47.625
47.1875
46.9375
46.8125
48.0625
53.9375
65.375
75.75
81.25
84.6875
88.125
92.0625
96.0
98.75
100.125
100.125
98.5
94.6875
88.125
79.25
69.625
63.5625
65.4375
68.6875
67.375
65.6875
64.125
62.375
61.375
60.25
59.0
57.875
56.5625
55.1875
54.25
53.625
53.3125
53.0
52.3125
51.5
50.75
50.0625
49.5625
49.0
48.375
48.1875
48.6875
50.4375
56.75
67.6875
77.0625
83.6875
88.9375
93.5625
98.5
102.9375
106.1875
108.0625
108.5625
106.9375
102.5
95.375
86.4375
76.75
69.0625
69.125
73.125
72.6875
70.5
68.875
66.5625
64.8125
63.8125
62.3125
60.6875
59.4375
58.375
57.3125
56.4375
55.8125
55.4375
54.9375
54.0625
53.25
52.5625
51.8125
51.1875
50.8125
50.5625
50.6875
52.75
60.5625
73.1875
82.625
88.375
93.25
98.125
102.875
107.125
110.125
111.5625
111.375
109.3125
104.6875
97.4375
88.125
78.0625
71.5
72.9375
76.375
74.625
71.8125
70.0625
68.0
66.25
65.125
63.75
62.0625
60.6875
59.625
59.0625
59.875
64.1875
73.5
82.75
87.4375
90.625
93.75
96.25
98.0625
98.625
97.3125
93.75
88.25
81.125
72.4375
64.625
63.0
67.125
68.3125
65.8125
63.6875
62.0625
60.25
58.8125
57.8125
56.5
55.125
54.125
53.0
51.9375
50.875
50.125
49.6875
49.1875
48.75
48.1875
47.5
46.75
46.1875
45.5625
45.0
44.5
44.0625
43.625
43.25
42.625
42.125
41.875
41.6875
41.625
41.625
42.375
47.4375
60.375
74.5
82.5
86.5625
90.625
95.8125
101.3125
105.8125
109.125
109.9375
107.75
103.5625
98.0
90.25
80.4375
70.75
67.375
71.6875
73.25
70.8125
69.0
66.9375
65.25
64.1875
62.9375
61.5
60.0
58.625
57.4375
56.5
55.5625
54.8125
54.125
53.3125
52.5625
51.9375
51.4375
50.875
50.125
49.375
48.8125
48.5
48.375
48.5
50.25
57.0625
69.125
79.125
85.5625
90.875
95.8125
100.625
104.875
108.125
109.8125
109.875
107.9375
103.4375
96.375
87.375
77.4375
70.0625
70.8125
74.5625
73.3125
70.8125
69.4375
67.75
66.0
64.6875
63.1875
61.5625
60.1875
58.9375
57.8125
56.9375
56.3125
55.75
55.125
54.1875
53.1875
52.5625
52.0625
51.625
50.9375
50.5625
50.625
51.4375
56.1875
67.5
79.25
86.875
92.5625
97.3125
101.6875
105.75
109.0
110.9375
111.4375
110.5
107.125
100.9375
92.4375
82.125
72.6875
70.5
74.6875
75.375
72.375
70.3125
68.375
66.1875
64.375
62.625
60.5
58.75
57.375
56.25
55.125
54.0
53.125
52.5625
52.0
51.125
50.375
49.5625
48.8125
48.25
47.8125
47.4375
47.625
50.1875
59.125
71.9375
80.6875
85.6875
89.6875
93.75
97.6875
100.625
102.5
103.1875
102.625
100.0625
94.875
87.0625
77.3125
67.4375
64.0625
68.9375
71.0
68.125
66.0625
64.4375
63.125
62.3125
61.0
59.4375
58.0625
56.75
55.4375
54.5
54.0
53.5625
52.8125
51.875
50.6875
49.5
48.75
48.5
48.3125
48.25
48.375
49.125
51.9375
60.0
71.1875
79.875
86.0
90.6875
95.1875
99.625
103.25
105.875
107.3125
107.25
104.75
99.25
91.125
81.4375
72.0
67.625
70.5625
73.125
71.5625
69.8125
67.8125
65.5625
64.1875
63.0625
61.6875
60.375
59.25
58.0
57.0
56.0625
55.125
54.3125
53.5625
53.0
52.4375
51.9375
51.4375
50.75
50.125
49.75
50.3125
54.5
65.375
77.625
85.3125
90.8125
95.75
100.75
105.5
109.1875
111.25
112.0
111.375
108.1875
101.9375
93.9375
84.5
75.0
71.3125
74.8125
76.3125
73.5
71.0
68.9375
67.1875
66.0
64.875
63.375
61.9375
60.6875
59.3125
58.1875
57.25
56.625
56.3125
56.0
55.25
54.0625
52.9375
52.1875
51.625
51.25
51.1875
52.0625
56.4375
67.5
79.75
87.4375
92.9375
97.75
102.4375
106.875
109.8125
111.0
111.0625
110.0
106.1875
99.0625
89.8125
79.5625
70.4375
68.125
72.8125
74.4375
71.4375
68.8125
66.5
64.3125
62.9375
61.6875
59.875
58.25
57.0
55.9375
55.125
54.3125
53.5
52.875
52.0625
51.25
50.4375
49.5625
48.8125
48.25
47.875
47.625
47.875
50.0625
57.9375
70.5
79.8125
84.875
88.625
92.375
96.5625
100.375
102.9375
103.75
102.875
100.25
95.4375
88.0
78.375
68.6875
65.125
69.625
71.75
68.9375
66.4375
64.0625
62.625
62.125
61.1875
59.9375
58.625
57.3125
56.0
54.9375
54.1875
53.6875
53.25
52.6875
52.0625
51.375
50.6875
50.125
49.5625
49.125
49.0625
49.625
53.1875
62.8125
74.1875
82.25
88.375
93.5625
98.4375
102.8125
106.3125
109.0
110.125
109.0
105.75
100.375
92.125
81.6875
71.9375
68.875
73.1875
75.25
72.875
70.875
68.875
66.6875
65.0
63.5625
62.0625
61.0
60.0
58.75
57.5625
56.75
56.0625
55.5
54.6875
53.75
53.1875
52.8125
52.3125
51.5625
50.8125
50.75
52.1875
58.1875
70.0625
81.0625
87.875
93.25
98.0
102.6875
107.125
110.25
111.625
111.5625
110.4375
107.1875
100.625
91.25
80.625
72.0
71.375
75.6875
75.5
72.6875
70.75
68.4375
66.375
65.4375
64.3125
62.625
61.0
59.75
58.75
57.8125
57.125
56.6875
55.875
54.9375
54.0
53.1875
52.75
52.25
51.625
51.1875
51.0
52.25
58.625
70.9375
81.625
88.0625
93.0625
97.3125
101.3125
104.8125
107.0
108.3125
108.75
107.3125
103.125
95.875
85.875
74.75
67.125
68.625
72.875
71.5
68.6875
66.9375
64.75
63.125
62.0
60.5625
59.0
57.625
56.5
55.4375
54.625
53.8125
52.9375
52.0
51.0625
50.3125
49.6875
49.0625
48.4375
47.9375
47.8125
48.0
48.8125
52.875
63.1875
74.75
81.6875
85.8125
89.4375
93.1875
97.1875
100.4375
102.25
102.5625
101.375
98.1875
92.375
84.3125
74.75
66.5
65.3125
68.9375
68.6875
66.8125
65.4375
63.625
62.625
62.0625
60.9375
59.5
57.9375
56.3125
55.1875
54.5
54.0625
53.8125
53.375
52.5
51.375
50.4375
49.5
48.8125
48.5625
48.8125
49.3125
51.875
60.25
72.125
80.9375
87.1875
92.3125
96.875
101.5
105.5625
108.25
109.5
109.125
106.4375
100.75
92.5
83.125
73.75
68.6875
71.6875
74.8125
72.6875
70.375
68.5
66.0625
64.3125
63.375
62.0625
60.8125
59.5625
58.125
56.625
55.25
54.0
53.0
52.25
51.4375
50.5625
49.875
49.3125
48.6875
48.25
48.125
48.8125
52.5
62.875
75.8125
84.25
89.5
93.9375
98.375
103.0
106.5
108.5625
109.4375
108.9375
106.25
100.25
91.4375
81.0625
71.375
68.1875
72.9375
74.9375
72.0
69.3125
67.0625
65.1875
64.0625
63.1875
62.0625
60.6875
59.1875
57.6875
56.3125
55.375
54.8125
54.3125
53.5625
52.6875
51.875
51.125
50.4375
49.875
49.4375
49.25
49.9375
53.9375
64.625
76.9375
84.5625
89.75
94.375
99.125
103.8125
107.5
109.75
110.4375
109.3125
105.25
98.5625
90.3125
80.75
71.875
69.6875
73.6875
74.125
71.0625
69.0
67.0
64.9375
63.6875
62.5
61.0625
59.6875
58.6875
57.625
56.5
55.4375
54.6875
54.1875
53.625
52.9375
52.125
51.375
50.75
50.125
49.5
49.1875
49.75
53.9375
64.8125
77.3125
85.3125
90.9375
95.75
100.25
104.75
108.375
110.6875
111.6875
110.875
107.0
100.5
91.75
80.9375
71.5
69.625
74.25
75.4375
72.75
70.5625
68.25
66.0625
64.5
63.125
61.625
60.1875
59.0625
58.0
57.0
56.0625
55.4375
54.9375
54.3125
53.625
52.75
51.875
51.125
50.5625
50.1875
50.0625
50.625
54.375
64.5
76.8125
84.875
90.5
95.375
99.9375
104.5
107.9375
109.5
109.5
108.1875
104.3125
97.5
88.6875
78.375
68.875
66.625
70.875
71.625
68.75
66.5625
64.625
62.75
61.5625
60.25
58.5625
57.125
55.9375
54.75
53.75
52.875
52.125
51.4375
50.75
50.0625
49.5625
49.0
48.375
47.5
46.75
46.3125
46.625
49.875
59.25
71.8125
79.9375
84.125
87.5
91.25
95.375
98.875
101.0625
101.9375
101.0
97.625
91.75
83.75
74.375
65.8125
64.0
68.125
68.5625
66.5625
65.125
63.25
61.9375
60.875
59.625
58.25
57.0
55.75
54.6875
53.8125
53.125
52.5
51.9375
51.1875
50.4375
49.8125
49.1875
48.6875
48.1875
47.875
47.875
49.125
54.75
65.75
75.9375
82.9375
88.5625
93.4375
98.375
102.8125
105.75
107.625
108.0625
106.1875
101.5625
94.5
85.75
75.9375
68.0625
67.9375
72.1875
71.875
69.375
67.8125
65.9375
64.25
62.9375
61.375
59.6875
58.375
57.375
56.375
55.5625
54.9375
54.375
53.5625
52.625
51.875
51.3125
50.75
50.1875
49.625
49.5
49.8125
52.3125
60.5
72.8125
81.9375
88.0
93.3125
98.0
102.4375
106.3125
108.8125
110.1875
110.0625
107.25
101.4375
93.625
84.3125
74.375
68.9375
72.0
75.125
73.0
70.5625
68.625
66.3125
64.4375
63.25
61.8125
60.3125
59.125
58.0
56.8125
55.8125
55.0
54.4375
53.9375
53.3125
52.5625
51.875
51.0
50.25
49.9375
49.9375
50.1875
52.3125
60.5625
73.375
83.0
89.125
94.125
98.5625
102.8125
106.3125
108.25
108.625
107.625
104.5
98.4375
90.125
80.375
70.25
65.125
68.4375
71.5
69.0625
66.4375
64.6875
62.6875
61.3125
60.3125
58.875
57.3125
55.875
54.3125
53.125
52.25
51.6875
51.25
50.9375
50.4375
49.625
48.5625
47.3125
46.3125
45.625
45.4375
45.9375
47.75
54.0
66.0
76.5
81.5625
84.5
88.0625
92.5
97.0
100.3125
102.1875
102.25
100.0
95.125
87.875
78.6875
68.9375
63.1875
66.0625
70.0
68.5625
66.0
63.1875
60.6875
59.8125
59.25
58.5625
58.0
57.0
55.5625
53.9375
52.6875
52.0
51.5625
51.25
50.9375
50.4375
49.6875
48.75
47.875
47.1875
46.9375
47.625
50.4375
58.625
70.4375
79.1875
85.0625
89.875
94.375
99.0625
103.125
106.125
107.75
107.375
104.4375
98.9375
91.1875
81.875
72.375
67.125
69.3125
72.0
70.125
67.75
65.875
63.875
62.8125
62.0
60.6875
59.3125
58.125
56.9375
55.75
55.0625
54.4375
53.6875
52.8125
52.0625
51.4375
50.8125
50.1875
49.5625
49.1875
49.25
51.25
59.1875
71.875
81.375
87.25
92.25
97.125
101.75
105.5
107.875
108.5
107.6875
105.375
100.625
93.0625
83.1875
73.0
67.625
70.375
73.1875
71.125
68.75
66.9375
64.75
63.25
62.375
61.125
59.75
58.5625
57.3125
56.0
54.8125
54.1875
53.9375
53.625
53.0
52.0625
51.125
50.3125
49.6875
49.25
48.875
48.6875
49.125
53.0
63.5625
76.125
84.1875
89.625
94.5
99.25
103.8125
107.25
108.875
108.9375
107.75
104.0
96.9375
88.0
77.8125
68.25
65.375
69.75
71.1875
68.375
66.125
64.0
61.8125
60.375
59.25
57.6875
56.125
54.6875
53.375
52.4375
51.6875
51.125
50.5
49.875
49.25
48.75
48.0
47.0
45.9375
45.3125
45.1875
45.5
47.875
56.125
68.6875
77.8125
82.5625
86.0625
89.9375
93.875
97.0
98.8125
99.5
98.9375
96.4375
91.5
83.9375
74.1875
64.5
61.25
65.5625
67.25
65.25
63.875
62.0625
60.4375
59.3125
58.0625
56.75
55.5
54.3125
53.25
52.3125
51.6875
51.25
50.625
49.75
49.0
48.375
47.875
47.5625
47.375
47.0625
46.9375
47.625
51.375
60.6875
71.5
79.1875
85.0
89.8125
94.0
98.1875
102.25
105.125
106.25
105.4375
102.3125
96.1875
87.625
77.75
68.625
65.3125
69.1875
71.625
69.9375
68.0625
65.875
63.5
62.0
60.75
59.375
58.375
57.4375
56.1875
55.0625
54.125
53.375
52.75
52.1875
51.5
50.6875
50.125
49.8125
49.5625
49.1875
49.0625
50.125
56.0
68.125
78.9375
85.6875
91.375
96.125
100.3125
104.375
107.3125
108.625
108.625
107.0625
103.0
96.0625
86.6875
76.0
68.4375
69.1875
73.5
72.9375
70.1875
68.0625
65.625
63.6875
62.5625
61.5
60.1875
58.875
57.5
56.1875
55.25
54.625
53.9375
53.5
52.875
52.1875
51.5
50.75
50.0
49.3125
48.9375
48.8125
50.0625
56.125
68.3125
79.5
86.5625
91.9375
96.5
100.4375
103.875
106.3125
107.1875
107.0
105.125
100.5
93.5
84.25
73.375
65.375
66.125
70.375
69.6875
66.9375
65.0
62.875
61.1875
59.875
58.1875
56.4375
55.0
53.875
53.1875
52.5
51.875
51.1875
50.4375
49.5625
48.6875
47.9375
47.25
46.75
46.25
45.8125
45.75
46.3125
49.625
59.125
71.3125
79.0625
83.125
86.625
90.6875
94.6875
98.0
100.25
101.125
100.1875
96.875
90.8125
82.4375
72.5625
63.9375
62.875
67.625
68.1875
66.0625
64.0625
61.625
60.25
59.5
58.3125
57.0
56.0
55.125
54.25
53.1875
52.1875
51.4375
50.8125
50.1875
49.625
49.375
49.0
48.375
47.625
46.9375
46.75
47.6875
51.75
61.375
72.1875
79.875
85.6875
90.625
95.5625
100.3125
104.0625
106.25
106.625
104.9375
101.375
95.5625
87.8125
78.8125
70.25
67.125
70.1875
71.25
69.0625
67.4375
65.6875
63.6875
62.375
61.375
60.4375
60.0625
60.625
63.625
71.1875
79.4375
82.9375
84.8125
87.4375
89.5
90.3125
89.625
86.875
82.125
76.0625
69.0
62.1875
60.0625
63.625
66.1875
64.4375
62.3125
60.9375
59.375
58.125
57.3125
56.1875
55.125
54.4375
53.6875
52.75
51.8125
50.875
50.1875
49.75
49.5
49.125
48.75
48.375
47.75
47.0625
46.5625
46.1875
45.875
45.5625
45.25
44.75
44.3125
44.0625
43.875
43.75
43.625
43.5
44.0
49.125
63.1875
78.5
87.0
91.875
97.4375
104.0
109.75
113.1875
114.625
114.25
111.75
107.125
100.1875
90.625
79.0625
69.3125
67.875
72.4375
72.75
69.75
67.75
66.0625
64.25
62.8125
61.3125
59.5
57.625
56.0625
54.875
54.0
53.3125
52.875
52.375
51.625
50.6875
49.75
49.0
48.3125
47.5625
46.75
46.125
45.5625
45.0625
44.625
44.1875
43.9375
44.1875
46.8125
55.4375
68.375
77.5
82.0625
85.375
89.125
93.1875
96.875
99.375
100.5625
100.3125
97.125
90.9375
83.0
73.3125
63.875
61.375
66.0
67.5
65.6875
64.4375
62.6875
61.3125
60.3125
59.0625
57.6875
56.625
55.625
54.625
53.625
52.875
52.25
51.6875
51.0625
50.1875
49.3125
48.625
48.125
47.6875
47.375
47.1875
47.5625
50.1875
58.25
69.875
78.625
84.75
89.8125
94.375
99.0625
103.0
105.5
106.375
105.8125
103.0625
97.625
90.0625
80.625
70.8125
66.375
70.0625
72.5
69.9375
67.625
66.0
63.9375
62.6875
62.125
61.375
60.25
58.625
57.125
56.0625
55.25
54.4375
53.5
52.75
52.3125
51.875
51.25
50.5
49.625
49.0
48.9375
49.75
53.125
62.6875
74.8125
82.875
88.625
93.75
98.625
103.125
106.625
108.625
109.4375
109.0625
106.1875
99.9375
91.3125
81.6875
72.75
69.3125
72.4375
73.9375
71.6875
69.6875
68.0625
66.1875
64.625
63.3125
61.6875
60.0625
58.75
57.6875
56.8125
56.0
55.25
54.5625
53.8125
53.3125
52.8125
52.3125
51.5
50.4375
49.5625
49.25
49.75
52.6875
61.375
74.0625
83.25
89.125
94.125
98.625
103.125
107.125
109.5625
110.1875
109.25
105.875
99.4375
90.375
79.75
69.6875
65.5
69.3125
71.8125
69.3125
66.875
64.625
62.5625
61.25
60.125
58.875
57.5625
56.3125
55.0625
53.9375
52.8125
51.6875
51.0
50.5
50.1875
49.8125
49.1875
48.1875
47.1875
46.5
46.0625
45.9375
47.0625
52.5625
64.25
75.6875
82.0
85.6875
89.0
92.8125
96.75
99.6875
101.4375
101.625
99.75
95.1875
88.125
79.125
69.25
63.0
65.25
68.875
67.1875
65.0625
63.3125
61.375
60.375
59.6875
58.6875
57.5625
56.3125
54.9375
53.6875
52.875
52.1875
51.4375
50.8125
50.5625
50.1875
49.75
49.0625
48.4375
47.8125
47.125
47.1875
48.6875
54.5625
65.4375
75.5
82.5
87.8125
92.0625
96.4375
100.75
103.8125
105.625
106.125
104.6875
100.5
93.625
84.625
74.625
66.9375
67.125
71.8125
72.0625
69.6875
67.625
65.1875
63.3125
62.4375
61.625
60.5
59.25
58.125
56.875
55.75
54.9375
54.4375
53.875
53.1875
52.5
52.0625
52.375
55.3125
64.4375
76.6875
84.75
89.6875
94.1875
98.25
102.4375
105.8125
107.5625
107.625
106.125
102.75
96.75
88.5
78.875
70.375
68.9375
72.875
73.0625
70.25
68.25
66.3125
64.5
63.375
62.1875
60.75
59.625
58.625
57.5
56.4375
55.5625
54.6875
54.1875
53.75
53.125
52.375
51.6875
51.1875
50.625
50.125
49.6875
49.0625
48.4375
47.9375
47.625
47.75
49.0
54.8125
67.4375
79.4375
86.8125
92.6875
98.125
103.375
108.125
111.25
112.5
112.6875
111.0625
106.125
98.625
89.125
78.0625
68.75
67.375
72.0625
72.5
69.4375
67.375
65.375
63.3125
62.0
60.625
58.9375
57.4375
56.1875
55.0
53.9375
52.9375
52.25
51.75
51.3125
50.8125
50.0625
49.125
48.125
47.1875
46.5625
46.25
46.3125
47.875
54.0
65.75
76.0
81.4375
85.0625
88.5625
92.5
96.0625
98.5
99.75
99.5625
97.3125
92.5625
85.375
76.25
66.6875
61.75
65.125
68.5
66.9375
64.875
62.5625
60.875
60.0625
59.1875
58.25
57.3125
56.3125
54.9375
53.5625
52.5625
52.125
51.875
51.5625
51.0625
50.375
49.6875
48.9375
48.3125
47.8125
47.375
47.5
49.1875
55.75
67.125
76.875
83.6875
88.9375
93.5
98.1875
102.5
105.875
108.1875
108.5
106.1875
101.6875
94.9375
86.0625
75.9375
68.0625
68.0625
72.375
72.0625
69.375
67.625
65.6875
64.0625
63.1875
62.125
60.75
59.5
58.125
56.6875
55.6875
55.0
54.625
54.375
53.8125
53.0
52.25
51.5
50.75
50.125
49.875
50.1875
52.5
60.6875
73.375
82.8125
88.6875
93.8125
98.625
103.3125
107.375
109.8125
110.8125
110.5
108.25
103.125
95.0
85.0
74.9375
69.375
71.9375
75.1875
73.1875
70.6875
68.9375
66.875
65.3125
64.25
62.875
61.3125
60.0625
58.8125
57.6875
56.8125
56.0625
55.4375
54.8125
54.125
53.5
52.9375
52.375
51.5625
50.8125
50.1875
49.9375
50.9375
56.125
67.75
79.5
86.6875
92.0
96.875
101.5
105.625
108.375
109.625
109.6875
107.625
102.6875
95.5
86.6875
76.4375
67.875
67.5625
72.0625
71.8125
68.9375
67.0
64.9375
62.9375
61.5625
60.0
58.25
56.8125
55.75
55.0
54.25
53.375
52.4375
51.5625
50.8125
49.9375
49.1875
48.5
48.0
47.5
46.875
46.375
46.375
48.5625
56.25
68.75
78.3125
83.5625
87.375
91.0625
95.0
98.4375
100.6875
101.8125
101.375
98.8125
93.6875
86.0625
76.5
67.0625
63.25
67.25
69.5
67.4375
65.3125
63.375
62.0625
61.3125
60.3125
58.9375
57.6875
56.4375
55.3125
54.3125
53.5625
52.8125
52.25
51.6875
51.0625
50.5
49.9375
49.25
48.625
48.5
49.625
54.75
65.4375
75.6875
82.5625
88.375
93.4375
98.0625
102.125
105.0
107.0
107.625
106.1875
102.25
95.9375
87.4375
77.375
69.0625
68.1875
72.0
72.0
69.625
68.0
65.9375
64.25
63.0625
61.75
60.5
59.3125
58.125
57.0
56.125
55.4375
54.8125
54.1875
53.4375
52.875
52.3125
51.8125
51.1875
50.5
49.9375
49.5
49.25
49.75
53.4375
63.9375
76.5625
84.8125
90.6875
96.0625
100.9375
105.75
109.8125
112.1875
112.75
111.8125
108.5
102.0
93.1875
83.125
73.75
70.3125
74.0
75.6875
72.9375
70.6875
69.0
67.125
65.75
64.625
63.0
61.3125
60.125
59.125
58.125
57.125
56.3125
55.5625
54.9375
54.1875
53.5
52.875
52.125
51.375
50.6875
50.25
50.3125
51.875
58.5
70.9375
81.625
88.25
93.4375
97.875
102.0
105.5625
107.875
108.875
108.375
106.125
101.5
93.875
83.875
73.25
66.5
68.3125
71.8125
70.25
67.75
66.0
64.0
62.375
61.1875
59.5625
57.75
56.375
55.3125
54.375
53.4375
52.5625
51.8125
51.125
50.5625
49.9375
49.1875
48.375
47.625
47.125
46.75
46.625
46.9375
49.375
57.6875
70.125
79.0
83.9375
87.9375
91.9375
95.875
98.8125
100.5625
101.1875
100.5625
97.8125
92.1875
84.3125
75.0
66.1875
63.9375
68.0
68.6875
66.5
65.0625
63.4375
62.25
61.5
60.375
58.9375
57.5625
56.1875
54.875
53.9375
53.375
52.9375
52.5
51.875
51.1875
50.5
49.75
49.0
48.375
48.0
48.125
48.8125
52.125
61.25
72.625
80.6875
86.5625
91.5625
96.4375
101.3125
105.375
108.0
109.125
108.375
104.75
98.3125
90.3125
81.0
71.875
68.3125
71.625
73.0625
70.625
68.6875
67.125
65.4375
64.375
63.25
61.5625
60.0
58.875
58.0
57.3125
56.6875
55.75
54.75
53.9375
53.25
52.625
52.0
51.4375
50.75
50.1875
50.0625
50.3125
53.25
62.625
75.125
83.6875
89.5
94.625
99.5
104.25
108.0625
110.375
111.375
110.875
108.0625
101.8125
93.5
84.0
74.6875
71.0
74.5625
76.25
73.5625
71.1875
69.125
66.75
65.125
64.0625
62.75
61.3125
60.125
58.8125
57.5
56.625
56.0625
55.625
55.25
54.6875
53.75
52.875
52.0625
51.25
50.75
50.5
50.4375
51.6875
58.0
70.3125
81.5
88.25
93.3125
97.5625
101.9375
106.0
108.4375
109.125
108.625
106.25
101.25
93.4375
83.6875
73.1875
66.5625
68.8125
73.25
71.625
68.375
66.1875
63.75
62.0
61.0
59.875
58.5
57.25
56.0
54.875
53.6875
52.6875
51.9375
51.375
50.875
50.375
49.6875
48.8125
47.875
47.0625
46.4375
46.25
46.5625
48.875
56.5
68.9375
78.5625
83.625
87.3125
91.125
95.375
98.75
100.9375
102.0
101.5
98.6875
93.375
86.0
77.0625
68.0625
64.1875
68.0625
69.75
67.1875
65.125
63.5
62.375
61.75
60.6875
59.375
58.1875
57.0
55.9375
55.0625
54.8125
56.625
62.875
72.75
79.875
83.6875
87.25
90.0625
92.6875
94.75
95.375
94.375
91.5
86.5625
79.8125
71.8125
64.8125
63.4375
67.0
68.0
66.125
64.625
62.9375
61.375
60.5
59.5
58.25
57.125
55.9375
54.75
53.75
52.875
52.1875
51.6875
51.1875
50.6875
50.0
49.3125
48.8125
48.3125
48.0
47.6875
47.4375
47.1875
46.8125
46.3125
45.9375
45.5625
45.1875
44.75
44.4375
44.1875
43.9375
44.0
45.3125
51.625
65.25
78.125
86.0625
92.3125
98.25
104.625
110.5
114.5625
116.875
117.0625
114.875
110.75
104.0625
95.3125
85.5
76.1875
72.75
76.3125
77.4375
74.375
72.125
70.3125
68.25
66.5625
65.25
63.75
62.3125
61.125
59.9375
58.6875
57.5625
56.8125
56.25
55.625
54.9375
54.25
53.375
52.5625
51.875
51.3125
50.875
50.6875
51.5625
56.25
67.1875
78.5625
85.625
90.875
95.5
99.8125
104.0
106.6875
107.4375
106.9375
105.3125
101.0625
94.0625
85.0
74.6875
66.625
66.6875
70.875
70.3125
67.4375
65.5
63.375
61.5
60.375
59.0
57.4375
56.0625
55.0
54.125
53.25
52.3125
51.5625
50.8125
50.0625
49.375
48.625
47.875
47.25
46.625
46.0625
45.625
45.75
47.625
54.4375
66.8125
77.1875
82.75
86.4375
90.0
94.0
97.8125
100.375
101.5625
101.0625
98.4375
93.625
86.5
77.1875
67.5
62.75
65.9375
68.4375
66.75
65.0
63.125
61.625
60.875
59.75
58.4375
57.125
56.0
54.9375
53.8125
52.9375
52.375
51.8125
51.25
50.625
50.0625
49.5
48.9375
48.4375
48.0
47.625
47.6875
49.25
55.3125
66.3125
76.0
82.6875
88.25
92.9375
97.625
101.8125
104.875
106.9375
107.25
105.1875
101.0
94.1875
85.0
75.125
68.125
68.75
72.5625
71.9375
69.25
67.375
65.1875
63.5
62.5
61.25
59.9375
58.75
57.5625
56.4375
55.5625
54.8125
54.125
53.5625
53.0
52.4375
51.8125
51.125
50.5
50.0
49.5625
49.5
50.9375
57.25
69.4375
80.125
86.75
92.25
97.0625
101.75
106.125
109.1875
110.4375
110.1875
108.0625
103.625
96.875
87.625
77.4375
70.4375
71.3125
74.875
73.375
70.5625
68.875
66.875
65.125
63.875
62.5
61.0
59.75
58.625
57.5
56.5625
55.75
55.0625
54.375
53.75
52.9375
52.1875
51.5
50.8125
50.25
49.75
49.5625
50.0
53.25
62.875
75.3125
83.75
89.625
94.75
99.375
103.9375
107.5625
109.6875
110.5
109.75
106.375
100.125
91.5
81.125
71.5625
68.3125
71.8125
72.875
69.8125
67.375
65.4375
63.4375
61.9375
60.6875
59.0625
57.625
56.4375
55.375
54.375
53.5
52.5625
51.875
51.1875
50.4375
49.75
49.0625
48.4375
47.75
47.0
46.5
46.3125
47.0
51.125
61.6875
73.75
81.125
85.625
89.625
93.6875
97.625
100.625
102.5
103.0625
101.625
97.875
91.8125
83.3125
73.0625
64.8125
64.9375
69.4375
68.8125
66.4375
64.875
63.0625
62.1875
61.4375
59.625
57.9375
56.6875
55.6875
54.5625
53.5
52.875
52.375
51.9375
51.4375
50.875
50.375
49.875
49.25
48.6875
48.25
48.125
48.8125
51.75
60.0
70.9375
79.25
85.5
90.4375
95.0625
99.625
103.5
106.1875
107.6875
106.9375
103.75
98.4375
90.5625
80.875
71.4375
67.375
70.625
72.6875
70.8125
68.875
66.8125
64.5
63.125
61.9375
60.5
59.125
58.0
56.875
55.8125
54.875
54.0625
53.4375
52.875
52.375
51.8125
51.3125
50.75
50.1875
49.625
49.4375
49.5625
51.625
59.25
71.5625
81.0625
87.4375
92.875
97.5
101.9375
106.0625
109.0
110.1875
109.625
107.25
102.0625
94.25
84.8125
74.9375
69.3125
71.5
74.3125
72.3125
69.875
68.125
66.125
64.5625
63.3125
61.875
60.4375
59.25
58.125
57.0
56.0
55.125
54.25
53.5
52.8125
52.1875
51.5625
51.0
50.5
50.1875
50.5625
53.5625
62.625
74.875
83.5625
89.4375
94.1875
98.375
102.625
106.1875
108.125
108.5
107.375
104.1875
98.375
89.875
79.25
69.5625
66.6875
70.6875
71.8125
68.875
66.5
64.5
62.5625
61.3125
60.25
58.8125
57.3125
56.0
54.8125
53.8125
52.8125
51.9375
51.1875
50.5625
49.9375
49.3125
48.75
48.375
48.625
50.9375
58.6875
70.875
80.0625
85.0625
88.6875
92.25
96.125
99.1875
100.8125
101.4375
100.625
97.5625
91.75
83.5625
73.8125
65.1875
63.9375
68.375
68.3125
65.6875
64.125
62.5625
61.8125
61.0625
59.6875
58.375
57.125
55.625
54.125
53.0
52.25
51.625
51.125
50.5625
50.0625
49.5625
49.125
49.125
49.8125
52.625
60.375
71.3125
79.875
86.125
90.8125
94.875
99.1875
102.9375
105.3125
106.375
105.75
103.0
97.625
89.625
79.9375
70.6875
67.1875
70.5
72.1875
70.125
68.1875
66.0625
63.875
62.625
61.5
60.0625
58.6875
57.5
56.25
55.0
54.0
53.125
52.375
51.6875
51.0625
50.5625
50.0625
49.5625
49.0625
48.625
48.125
47.6875
47.1875
46.75
46.3125
45.75
45.25
45.0
45.3125
47.75
56.625
70.0625
79.875
86.3125
92.0
97.3125
102.8125
107.8125
111.0625
112.625
112.4375
109.75
104.5
97.0
87.4375
76.8125
69.4375
70.6875
75.0
73.75
71.0
69.125
66.9375
64.875
63.375
61.8125
60.3125
58.9375
57.6875
56.625
55.625
54.875
54.125
53.5
52.875
52.1875
51.5
50.8125
50.0625
49.4375
48.875
48.5625
48.625
50.375
57.5625
69.6875
79.3125
85.4375
90.625
95.0625
99.25
103.0625
105.625
106.625
106.1875
104.0625
99.5625
92.375
83.0625
73.125
67.25
69.3125
72.3125
70.625
68.3125
66.5
64.25
62.375
61.125
59.8125
58.3125
56.875
55.5
54.1875
53.0625
52.0625
51.1875
50.4375
49.6875
48.9375
48.1875
47.5
46.8125
46.125
45.625
45.1875
45.1875
46.5625
52.875
65.1875
76.125
82.375
86.8125
90.6875
94.8125
98.8125
101.375
102.6875
102.75
100.5625
96.0
88.5625
78.9375
69.0
63.25
66.0625
69.4375
67.1875
64.875
63.375
61.75
60.75
59.625
58.0625
56.6875
55.5
54.375
53.25
52.125
51.25
50.5625
49.9375
49.375
48.75
47.875
46.9375
46.1875
45.6875
45.3125
45.0625
45.25
46.9375
53.0
64.25
74.25
80.5
84.9375
89.0625
93.3125
97.25
100.375
102.5
103.0625
101.0
96.375
89.1875
79.9375
70.3125
63.9375
65.1875
69.0625
68.75
66.625
64.4375
62.1875
60.75
59.875
58.75
57.5625
56.375
55.25
54.25
53.375
52.5625
51.875
51.25
50.625
49.9375
49.25
48.5
47.8125
47.1875
46.625
46.375
46.75
50.0
59.5625
71.5625
79.75
85.75
90.9375
95.75
100.3125
104.0
106.3125
107.1875
106.25
103.4375
98.125
89.9375
79.75
69.8125
65.8125
69.375
71.375
69.0625
67.0625
65.375
63.3125
62.0
60.9375
59.625
58.25
57.25
56.1875
55.0
54.0625
53.3125
52.5625
51.9375
51.25
50.625
49.9375
49.25
48.625
48.0625
47.6875
47.5625
48.625
54.0625
65.5625
76.625
83.6875
89.125
93.5
97.8125
102.1875
105.5
107.3125
107.4375
105.875
101.9375
95.125
85.8125
75.25
67.0
66.6875
70.9375
70.875
68.3125
66.5
64.3125
62.3125
60.75
59.25
57.6875
56.25
54.9375
53.6875
52.6875
51.75
50.9375
50.125
49.375
48.625
47.875
47.1875
46.5
45.8125
45.1875
44.75
44.5625
45.625
51.0625
62.9375
74.5625
81.375
85.625
89.0625
92.9375
96.9375
99.5625
100.8125
100.875
99.3125
95.1875
88.0625
78.6875
68.6875
61.8125
63.8125
68.5625
67.1875
64.75
63.1875
61.3125
60.125
58.9375
57.3125
55.9375
54.75
53.6875
52.5625
51.5625
50.875
50.3125
49.5
48.5625
47.875
47.375
46.8125
46.25
45.8125
45.5625
45.5625
46.125
48.375
55.4375
66.375
75.3125
81.5
86.1875
90.25
94.5
98.375
101.3125
103.125
103.125
100.625
95.75
88.1875
79.125
69.8125
64.25
66.25
69.3125
68.1875
66.4375
64.625
62.3125
60.8125
59.875
58.625
57.3125
56.125
54.9375
53.875
53.0
52.1875
51.375
50.625
49.9375
49.1875
48.5625
47.9375
47.375
46.9375
46.6875
46.625
47.4375
52.0
62.875
74.3125
81.5625
87.25
92.1875
96.6875
101.0625
104.1875
105.875
106.25
104.8125
100.9375
94.75
86.5
76.5
67.4375
65.1875
69.6875
71.125
68.75
66.9375
65.0
62.75
61.3125
60.1875
58.8125
57.4375
56.375
55.3125
54.3125
53.375
52.625
51.9375
51.3125
50.625
49.9375
49.3125
48.625
48.0
47.5
47.1875
47.25
48.875
55.625
67.6875
77.875
84.4375
89.8125
94.1875
98.6875
102.8125
105.4375
106.5625
106.3125
104.1875
99.375
92.0625
82.625
72.375
65.4375
66.375
69.5
67.9375
65.3125
63.6875
61.75
60.0625
58.875
57.5
56.0
54.6875
53.5
52.5
51.625
50.8125
50.0
49.375
48.6875
48.0
47.375
46.6875
46.0625
45.375
44.8125
44.4375
44.5
46.25
53.125
65.3125
75.375
80.875
84.5625
88.3125
92.5
96.125
98.625
100.0625
100.125
97.875
92.9375
85.6875
76.4375
66.5625
61.3125
64.375
67.3125
65.25
63.3125
61.5625
60.1875
59.6875
58.5
56.8125
55.375
54.4375
53.5625
52.625
51.875
51.125
50.5625
50.0
49.4375
48.9375
48.4375
47.8125
47.125
46.375
45.875
45.8125
46.6875
50.875
60.75
71.25
78.6875
84.3125
88.9375
93.4375
97.875
101.625
104.0
104.5625
103.0625
98.875
92.3125
83.875
74.25
66.0
64.5625
69.0
70.125
67.875
65.9375
63.75
61.5625
60.3125
59.25
57.8125
56.5
55.5
54.5
53.5625
52.8125
52.0625
51.5
50.9375
50.3125
49.75
49.125
48.5
47.9375
47.4375
47.125
47.3125
49.8125
58.25
70.5
79.25
85.3125
90.375
94.875
99.3125
103.1875
105.5625
106.375
106.0
103.6875
98.375
90.375
80.75
71.1875
66.4375
69.1875
71.5
69.375
67.25
65.5625
63.5
62.1875
61.125
59.9375
60.0
62.3125
67.5
74.625
78.5625
79.8125
81.125
81.8125
81.125
79.1875
75.9375
71.5
65.875
59.6875
55.4375
56.5
59.875
60.125
58.3125
57.0
55.8125
54.5625
53.875
53.0625
51.9375
50.8125
49.9375
49.125
48.0
46.875
46.0
45.375
44.8125
44.25
43.625
43.125
42.625
42.0625
41.5
41.125
40.625
40.25
39.875
39.4375
39.125
38.8125
38.4375
38.125
37.875
37.625
37.375
37.125
37.0
37.1875
39.4375
48.9375
64.625
76.1875
81.1875
84.5
89.4375
95.625
101.25
104.375
104.375
102.125
97.9375
92.25
84.8125
75.375
66.0
63.1875
68.375
70.125
67.25
65.3125
63.1875
61.3125
60.1875
58.9375
57.5625
56.25
54.8125
53.4375
52.5625
51.8125
51.125
50.5
49.9375
49.375
48.8125
48.25
47.75
47.375
47.0
46.625
46.1875
45.625
45.0625
44.5
43.875
43.5
43.3125
43.8125
47.0
55.875
67.375
75.875
82.125
87.0
91.625
96.625
101.0
104.0
105.375
104.5
100.75
94.5625
86.75
77.6875
68.8125
64.625
67.5625
70.0
68.3125
66.5
64.6875
62.5
60.9375
59.75
58.4375
57.0
55.875
55.0
54.0625
53.25
52.5625
51.875
51.375
50.8125
50.1875
49.5625
48.9375
48.25
47.6875
47.1875
46.875
47.125
49.9375
58.75
70.5625
78.8125
84.625
89.4375
93.5
97.6875
101.5
103.875
104.8125
104.25
101.3125
95.5625
87.3125
77.6875
68.6875
65.25
69.0
71.25
68.9375
66.8125
65.0
62.75
61.125
59.9375
58.625
57.375
56.3125
55.375
54.5
53.5625
52.75
52.0
51.375
50.875
50.25
49.625
49.0
48.3125
47.75
47.3125
47.1875
48.0625
52.6875
63.5625
74.6875
81.75
87.0625
91.1875
94.875
98.5625
101.5625
103.0625
103.0625
101.375
97.625
91.1875
82.4375
72.5625
64.25
63.25
67.4375
67.625
65.125
63.4375
61.5625
59.6875
58.5
57.375
55.9375
54.625
53.5
52.625
51.875
51.0
50.1875
49.4375
48.8125
48.1875
47.625
47.0
46.375
45.75
45.1875
44.8125
44.75
46.0625
51.4375
62.625
73.5
79.5
83.0
86.25
90.0625
93.8125
96.5
98.0625
98.375
96.5625
92.3125
85.4375
76.25
66.5
60.8125
63.5625
67.0
65.125
63.125
61.6875
60.125
59.125
58.0625
56.8125
55.75
54.6875
53.625
52.625
51.8125
51.1875
50.75
50.25
49.6875
49.1875
48.625
48.0
47.3125
46.6875
46.25
46.1875
47.0
50.9375
60.3125
70.8125
78.375
84.375
89.1875
93.75
98.25
101.875
104.4375
105.6875
104.8125
101.5
95.1875
86.5
76.875
68.375
66.0625
69.8125
70.9375
68.6875
67.0
65.0
62.6875
61.3125
60.25
58.875
57.5625
56.5
55.5
54.5625
53.8125
53.125
52.4375
51.8125
51.25
50.625
49.9375
49.375
48.8125
48.4375
48.3125
48.8125
52.625
62.625
74.375
82.0625
87.8125
92.5625
96.9375
101.1875
104.8125
106.875
107.5625
106.8125
103.75
97.8125
89.8125
80.25
70.875
67.3125
70.875
72.5
70.0625
68.125
66.25
64.1875
62.6875
61.5625
60.1875
58.875
57.8125
56.75
55.75
54.8125
54.0
53.375
52.75
52.125
51.5
50.8125
50.1875
49.5
48.9375
48.5625
48.4375
49.5
55.0625
66.8125
77.875
84.75
90.0625
94.5625
99.0625
103.3125
106.5
108.25
108.5
106.9375
102.875
96.0
86.875
76.0625
67.5
67.4375
71.5625
70.75
67.875
66.0625
63.9375
62.0625
61.125
60.0625
58.75
58.5
59.75
63.6875
71.375
77.3125
79.25
80.875
82.0
82.125
81.1875
78.4375
74.0
68.3125
61.625
55.625
54.4375
58.3125
60.0625
58.375
56.9375
55.8125
54.9375
54.5
53.75
52.5625
51.5625
50.75
49.8125
48.8125
48.0
47.375
46.875
46.3125
45.8125
45.3125
44.8125
44.3125
43.75
43.375
43.125
42.625
42.0625
41.5
41.25
41.0625
40.8125
40.5625
40.5
40.5
40.5
40.5
40.5625
40.875
41.75
45.9375
56.875
69.8125
78.9375
85.25
90.375
95.9375
102.0625
107.5
109.6875
108.6875
107.0
104.25
98.6875
90.75
81.1875
71.9375
68.4375
72.1875
73.9375
71.6875
69.875
67.875
65.5
63.875
62.5625
61.1875
59.8125
58.5
57.25
56.0
55.0
54.125
53.3125
52.5625
51.9375
51.375
50.875
50.3125
49.8125
49.25
48.75
48.25
47.8125
47.3125
46.8125
46.4375
46.3125
47.0
51.125
61.9375
73.875
81.6875
87.5
92.3125
96.75
101.375
105.375
107.6875
108.625
107.9375
104.8125
98.875
90.625
80.75
71.3125
68.4375
72.1875
73.3125
70.5
68.4375
66.625
64.5625
63.0
61.6875
60.3125
58.9375
57.8125
56.8125
55.9375
55.0625
54.25
53.5
52.8125
52.3125
51.625
51.0
50.375
49.75
49.1875
48.6875
48.4375
48.75
51.6875
60.5
72.4375
80.9375
87.0
91.875
95.9375
100.0
103.4375
105.125
105.8125
105.25
102.0625
96.0
87.9375
78.3125
68.75
64.6875
68.0
70.0625
67.8125
65.6875
63.875
61.875
60.5625
59.375
57.875
56.375
55.0625
54.0625
53.125
52.3125
51.5
50.6875
50.0
49.375
48.75
48.0625
47.375
46.75
46.125
45.6875
45.375
45.6875
47.8125
55.1875
67.1875
76.5625
81.6875
85.4375
88.9375
92.5625
96.0
98.4375
99.5625
99.125
96.8125
92.0
84.625
75.3125
66.0625
62.1875
66.0625
68.3125
66.3125
64.75
62.8125
61.25
60.5
59.375
58.125
57.25
56.5
55.875
55.8125
56.625
60.25
67.25
72.3125
73.5
74.5
75.375
75.25
74.5
72.75
69.3125
64.5
58.9375
54.125
53.25
56.1875
57.125
55.75
55.0
54.4375
53.625
52.9375
52.0625
51.0
50.25
49.625
48.8125
48.0625
47.375
46.75
46.125
45.5625
45.125
44.8125
44.375
44.0
