0
48.6875
54.125
57.125
73.0
94.375
117.1875
135.5625
142.125
138.3125
128.6875
117.125
107.0
97.8125
89.375
82.375
76.625
72.375
67.9375
64.0625
64.625
62.75
59.6875
61.1875
61.6875
59.875
60.3125
60.25
59.4375
59.375
58.875
58.125
58.0625
57.8125
57.1875
58.125
66.6875
86.375
110.75
135.25
150.4375
152.5625
146.125
136.3125
126.75
117.3125
107.8125
98.875
90.1875
82.625
76.5
71.4375
67.5
65.0
64.3125
64.125
63.0625
63.0625
63.8125
63.25
63.0625
63.1875
62.0625
61.0
60.375
59.5625
58.6875
58.375
60.375
71.375
92.3125
116.125
139.625
153.0
150.4375
142.0
133.125
123.125
112.5625
102.9375
94.0
86.0
79.875
74.5625
70.375
67.4375
65.25
63.8125
62.875
62.4375
62.3125
62.1875
62.1875
62.25
61.9375
61.3125
60.5625
59.875
59.3125
58.25
57.5
57.625
61.625
76.5625
98.25
120.6875
139.3125
145.625
141.0
132.0
121.5625
110.6875
100.8125
91.125
82.3125
77.625
72.0
66.5625
64.5
62.25
60.1875
59.25
58.8125
58.25
58.0
57.5625
57.0625
56.8125
56.6875
56.5625
56.4375
56.0
55.4375
54.6875
53.75
53.0625
55.125
66.9375
86.625
107.25
126.5
136.0625
133.375
124.25
113.625
103.25
93.75
85.375
78.125
72.0625
67.3125
63.8125
61.125
59.125
57.8125
56.875
56.25
55.875
55.625
55.4375
55.4375
55.3125
55.375
55.3125
55.0625
54.6875
54.25
53.875
53.3125
53.1875
56.9375
71.625
92.3125
113.3125
131.5625
138.3125
134.125
125.375
115.9375
106.8125
98.1875
90.125
82.8125
76.5625
71.5
67.625
64.8125
62.8125
61.4375
60.625
60.25
60.125
60.125
60.125
60.125
60.0
59.75
59.375
58.9375
58.4375
58.0625
57.5625
57.8125
63.625
81.25
104.8125
129.4375
148.125
152.875
147.3125
138.5625
128.9375
119.125
109.625
100.3125
91.6875
84.0625
77.8125
72.9375
69.25
66.5625
64.9375
63.875
63.3125
63.0625
62.9375
62.8125
62.625
62.4375
62.125
61.625
60.875
60.25
59.5625
59.0625
59.6875
67.5625
86.9375
110.9375
135.0625
150.75
152.4375
145.5
136.1875
126.25
116.4375
106.8125
97.625
89.1875
81.9375
75.9375
71.25
67.875
65.5625
64.0625
63.1875
62.8125
62.6875
62.625
62.5
62.375
62.125
61.625
61.0625
60.3125
59.625
58.875
58.125
57.5625
58.75
68.0625
88.0
111.125
133.9375
147.375
147.0
138.875
128.4375
117.875
107.75
98.25
89.5
81.8125
75.3125
70.125
66.125
63.25
61.3125
60.0
59.25
58.875
58.6875
58.5625
58.4375
58.25
58.0625
57.75
57.3125
56.6875
55.9375
55.3125
54.625
54.0625
54.0
58.6875
74.0
94.1875
114.75
131.6875
136.75
131.1875
121.3125
110.875
101.0
92.0
83.875
76.75
70.9375
66.3125
62.9375
60.3125
58.625
57.5625
56.9375
56.5
56.375
56.25
56.0625
56.0625
55.9375
55.8125
55.625
55.375
55.0
54.5625
54.125
53.6875
54.8125
64.1875
83.8125
105.3125
126.6875
139.9375
140.0
132.1875
122.0
111.625
102.0
93.1875
85.1875
78.4375
72.9375
68.75
65.6875
63.625
62.1875
61.3125
60.9375
60.875
60.8125
60.75
60.625
60.4375
60.1875
59.75
59.3125
58.6875
58.25
57.75
57.625
61.625
76.8125
99.9375
124.75
145.75
153.375
149.375
140.75
131.0
121.1875
111.5625
102.1875
93.375
85.5625
79.0625
73.8125
69.875
67.125
65.4375
64.375
63.8125
63.5625
63.375
63.3125
63.1875
62.9375
62.5
61.875
61.25
60.5
59.875
59.1875
59.25
64.75
82.0625
105.75
130.25
148.5625
152.8125
146.8125
137.5625
127.5625
117.5625
107.9375
98.6875
90.1875
82.8125
76.875
72.125
68.6875
66.25
64.75
63.875
63.4375
63.1875
62.9375
62.8125
62.5
62.125
61.6875
61.125
60.375
59.625
58.875
58.125
57.6875
59.3125
69.5625
89.6875
112.4375
134.3125
146.3125
145.125
136.875
126.5625
116.125
106.0
96.625
88.0
80.5625
74.375
69.5
65.75
63.0
61.1875
59.9375
59.1875
58.8125
58.625
58.4375
58.25
58.0625
57.6875
57.375
56.9375
56.375
55.75
55.125
54.5
53.9375
54.5
61.8125
79.5625
100.125
120.875
135.1875
136.75
129.25
118.875
108.375
98.8125
89.9375
82.0625
75.25
69.6875
65.375
62.1875
59.9375
58.375
57.4375
56.9375
56.6875
56.4375
56.375
56.25
56.125
56.0
55.875
55.625
55.3125
55.0
54.625
54.125
53.8125
56.3125
68.625
88.75
109.5625
128.875
137.875
135.0
126.3125
116.25
106.6875
97.875
90.0
82.9375
77.0
72.1875
68.5625
65.9375
64.125
62.875
62.0
61.5
61.125
60.9375
60.625
60.4375
60.25
60.0625
59.6875
59.3125
58.9375
58.625
58.25
58.875
66.3125
85.25
109.3125
133.9375
150.6875
153.25
146.875
137.5
127.625
117.875
108.4375
99.3125
91.0
83.8125
77.875
73.25
69.75
67.3125
65.625
64.625
64.0625
63.8125
63.75
63.5625
63.375
63.125
62.625
62.0
61.375
60.6875
60.0625
59.6875
62.875
76.9375
99.8125
124.9375
146.625
155.3125
151.6875
143.0625
133.3125
123.4375
113.6875
104.1875
95.1875
87.25
80.5625
75.25
71.125
68.125
66.1875
64.9375
64.3125
63.875
63.6875
63.5625
63.375
63.0625
62.6875
62.1875
61.5625
60.75
60.0
59.25
58.5625
59.375
67.375
86.875
110.8125
134.625
149.875
150.8125
143.125
132.8125
122.1875
111.875
102.1875
93.0
85.0
78.125
72.5625
68.25
65.0625
62.8125
61.375
60.5
60.0625
59.875
59.6875
59.5625
59.3125
59.125
58.75
58.3125
57.6875
56.9375
56.1875
55.4375
54.8125
54.875
60.4375
76.875
97.8125
119.125
135.75
139.625
133.3125
123.125
112.5
102.5625
93.5
85.25
78.0
72.0625
67.375
63.875
61.25
59.5625
58.4375
57.8125
57.5
57.3125
57.1875
57.0625
56.9375
56.8125
56.6875
56.5
56.1875
55.75
55.375
54.75
54.4375
56.6875
68.8125
89.375
110.9375
131.1875
141.125
138.875
130.3125
120.25
110.25
100.9375
92.25
84.5
78.0
72.6875
68.75
65.75
63.75
62.375
61.5625
61.1875
61.125
61.0625
61.0625
61.0
60.875
60.6875
60.3125
59.9375
59.375
58.9375
58.4375
59.0625
66.5
85.625
109.75
134.5
151.25
153.8125
147.3125
138.0
128.1875
118.3125
108.75
99.4375
90.9375
83.625
77.75
73.125
69.8125
67.375
65.9375
65.0625
64.4375
64.1875
64.0
63.8125
63.5
63.1875
62.5625
61.9375
61.25
60.5
59.875
59.5
62.125
75.1875
97.875
122.9375
145.5
155.3125
152.0
143.1875
133.1875
123.0
113.125
103.5625
94.5
86.5
79.8125
74.5625
70.4375
67.625
65.8125
64.6875
64.0
63.6875
63.5625
63.4375
63.3125
63.0625
62.75
62.1875
61.625
60.8125
60.0625
59.3125
58.75
59.9375
69.5
89.625
113.125
135.6875
148.5625
147.8125
139.375
128.9375
118.375
108.1875
98.625
89.875
82.125
75.625
70.375
66.5
63.625
61.6875
60.5
59.8125
59.4375
59.25
59.25
59.1875
59.0
58.6875
58.3125
57.8125
57.125
56.5
55.75
55.125
54.75
57.75
71.0625
91.5625
112.8125
131.8125
139.5625
135.5
125.8125
115.1875
104.875
95.375
86.8125
79.25
73.125
68.0625
64.3125
61.625
59.75
58.5
57.8125
57.5
57.25
57.1875
57.0625
57.0625
57.0
56.875
56.5
56.1875
55.8125
55.3125
54.875
54.4375
56.6875
68.75
89.1875
110.5
130.4375
140.1875
137.625
129.0625
119.25
109.625
100.625
92.25
84.6875
78.3125
73.0625
69.1875
66.3125
64.25
62.75
61.875
61.375
61.0625
60.9375
60.875
60.8125
60.6875
60.4375
60.0625
59.6875
59.1875
58.75
58.3125
59.6875
69.625
90.75
115.75
140.0625
153.9375
153.5625
145.75
136.0
126.1875
116.375
106.8125
97.5625
89.25
82.125
76.4375
72.0
68.8125
66.75
65.4375
64.75
64.4375
64.25
64.25
64.25
64.0625
63.6875
63.125
62.5
61.6875
60.875
60.1875
60.25
65.8125
83.1875
107.25
132.125
150.625
154.75
148.625
139.0625
129.0
119.125
109.375
100.0
91.25
83.75
77.5625
72.6875
69.0625
66.5625
65.0
64.125
63.625
63.5
63.4375
63.375
63.25
62.9375
62.5
61.875
61.25
60.4375
59.625
58.9375
58.6875
61.875
75.625
97.625
121.5625
142.25
150.375
146.3125
136.75
126.25
115.875
105.875
96.4375
87.9375
80.5625
74.5625
69.75
66.25
63.6875
61.875
60.75
60.0625
59.75
59.5
59.3125
59.1875
58.9375
58.5625
58.125
57.625
56.875
56.25
55.5625
54.875
54.3125
55.6875
65.4375
85.0
106.4375
127.25
139.125
138.0625
129.5625
119.0
108.6875
98.9375
90.0625
82.125
75.375
70.0
65.75
62.5625
60.375
58.9375
57.9375
57.5
57.25
57.125
57.0
56.875
56.6875
56.4375
56.25
56.0
55.75
55.375
54.875
54.4375
54.1875
57.3125
71.1875
92.0
113.25
132.0
139.375
135.0625
125.75
115.6875
106.0
97.25
89.25
82.375
76.5
71.875
68.3125
65.9375
64.3125
63.0625
62.3125
61.75
61.375
61.0625
60.75
60.5
60.25
59.9375
59.5625
59.1875
58.9375
58.5625
58.1875
59.0625
67.1875
87.0
111.25
135.875
151.6875
153.375
146.4375
136.9375
126.9375
117.125
107.4375
98.1875
89.75
82.5625
76.8125
72.25
69.0625
66.75
65.4375
64.5625
64.1875
64.0
63.8125
63.6875
63.4375
63.125
62.625
62.0625
61.375
60.6875
60.0625
59.875
63.625
78.8125
102.4375
127.875
148.9375
156.1875
151.6875
142.625
132.75
123.0
113.3125
103.6875
94.6875
86.6875
80.0625
74.6875
70.625
67.8125
65.9375
64.8125
64.25
64.0
63.8125
63.75
63.5625
63.375
62.9375
62.3125
61.625
60.8125
60.0625
59.25
58.8125
60.6875
72.125
93.5625
117.6875
139.875
151.0
148.6875
140.0
129.8125
119.5
109.375
99.625
90.75
82.875
76.5
71.25
67.375
64.5
62.5625
61.375
60.6875
60.375
60.125
60.0
59.875
59.625
59.25
58.875
58.25
57.5625
56.8125
56.0625
55.4375
54.9375
57.875
70.875
91.375
112.875
132.125
140.25
136.4375
126.9375
116.5625
106.3125
96.875
88.25
80.4375
74.0
68.8125
64.875
61.9375
59.875
58.5625
57.8125
57.4375
57.375
57.25
57.1875
57.1875
57.0625
56.9375
56.75
56.5625
56.125
55.6875
55.125
54.5625
55.375
63.8125
82.75
103.9375
125.0
138.25
138.625
131.0
121.375
111.75
102.875
94.5625
86.8125
80.0
74.5
70.25
67.0625
64.875
63.1875
62.0625
61.4375
61.125
60.9375
60.75
60.6875
60.5625
60.375
60.125
59.8125
59.375
59.0625
58.5625
58.875
64.375
81.6875
105.5625
130.625
149.75
154.5625
149.0
139.8125
130.125
120.25
110.5
101.0625
92.1875
84.5625
78.4375
73.625
70.0625
67.5625
66.0
65.0625
64.5625
64.375
64.25
64.125
63.9375
63.625
63.125
62.5
61.8125
61.0625
60.3125
59.875
61.9375
73.9375
96.125
121.1875
144.1875
155.125
152.75
144.3125
134.5625
124.6875
114.875
105.375
96.1875
87.9375
81.0
75.375
71.125
68.0625
66.0625
64.875
64.25
63.9375
63.8125
63.6875
63.5625
63.25
62.875
62.3125
61.6875
60.875
60.125
59.3125
58.75
59.25
66.4375
85.0625
108.5625
132.375
148.5
150.5
143.3125
133.3125
123.0
113.0
103.1875
93.9375
85.5625
78.5625
72.875
68.5
65.25
63.0
61.5
60.5
60.0625
59.8125
59.75
59.625
59.4375
59.1875
58.8125
58.3125
57.75
57.125
56.4375
55.6875
55.0625
55.625
62.9375
81.0625
102.375
124.0
138.6875
140.25
132.75
122.5
112.1875
102.3125
93.125
84.6875
77.5
71.5625
66.9375
63.5
61.0
59.375
58.375
57.8125
57.625
57.5625
57.5625
57.5
57.4375
57.375
57.1875
56.9375
56.5625
56.125
55.5625
55.0625
55.0
59.75
75.75
96.875
118.25
135.375
140.0625
134.375
125.0625
115.375
106.1875
97.625
89.75
82.5625
76.625
72.0
68.5
66.0
64.0625
62.8125
62.0
61.5
61.3125
61.125
61.0
60.9375
60.75
60.4375
60.0625
59.625
59.3125
58.8125
58.5625
61.4375
74.9375
97.625
122.625
145.125
154.625
151.4375
142.9375
133.3125
123.625
113.875
104.4375
95.4375
87.375
80.5625
75.125
71.0625
68.1875
66.25
65.125
64.5
64.375
64.3125
64.25
64.125
63.8125
63.375
62.875
62.125
61.375
60.75
60.125
61.1875
70.4375
91.4375
116.5625
140.9375
155.125
155.0
147.1875
137.625
127.75
117.875
108.1875
98.875
90.3125
82.9375
76.9375
72.3125
69.0
66.625
65.1875
64.375
64.0
63.8125
63.75
63.6875
63.5625
63.25
62.75
62.1875
61.4375
60.6875
59.8125
59.1875
59.3125
64.9375
82.3125
105.625
129.75
147.5625
151.5
145.25
135.375
125.0625
114.875
104.9375
95.625
87.25
80.0
74.0625
69.3125
65.9375
63.5
62.0
61.0
60.5
60.25
60.125
60.0
59.9375
59.625
59.25
58.8125
58.125
57.375
56.625
55.875
55.125
55.25
60.875
77.9375
99.625
121.75
138.5625
142.125
135.5625
125.3125
114.875
104.8125
95.5
86.875
79.4375
73.25
68.375
64.625
61.9375
60.0625
58.875
58.25
57.875
57.75
57.625
57.5625
57.5
57.4375
57.1875
56.9375
56.5625
56.125
55.6875
55.125
54.8125
57.0625
69.5
90.5625
112.3125
132.25
141.5625
138.75
130.25
120.6875
111.25
102.3125
93.75
86.0625
79.375
74.0
69.8125
66.75
64.5
63.0
62.0625
61.5625
61.375
61.1875
61.25
61.125
61.0625
60.8125
60.5
60.125
59.6875
59.125
58.6875
59.25
66.375
85.5625
110.0
135.125
152.375
155.3125
148.875
139.625
129.9375
120.1875
110.375
100.9375
92.1875
84.5
78.25
73.3125
69.6875
67.1875
65.6875
64.75
64.375
64.25
64.1875
64.0625
63.8125
63.5
63.0
62.3125
61.5625
60.875
60.125
59.6875
62.0625
74.8125
97.4375
122.625
145.25
155.3125
152.25
143.5625
133.6875
123.6875
113.875
104.25
95.1875
87.1875
80.4375
75.0
70.875
67.875
65.9375
64.6875
64.0
63.6875
63.4375
63.3125
63.125
62.9375
62.5
61.9375
61.3125
60.5625
59.8125
59.1875
58.625
59.5
68.375
88.25
111.875
135.0625
149.125
149.25
141.3125
131.125
120.875
110.875
101.3125
92.25
84.3125
77.75
72.3125
68.125
65.0
62.875
61.4375
60.5625
60.0625
59.75
59.5625
59.375
59.125
58.75
58.375
57.8125
57.1875
56.4375
55.75
55.125
54.5
55.4375
64.125
83.125
104.25
125.4375
138.875
139.25
131.25
120.875
110.4375
100.6875
91.625
83.4375
76.5
70.8125
66.3125
62.9375
60.5625
58.875
57.875
57.3125
57.0625
56.9375
56.875
56.75
56.6875
56.625
56.4375
56.25
55.9375
55.5625
55.0
54.5
54.0625
56.0625
67.625
87.875
109.0
128.9375
139.0625
136.625
127.8125
117.6875
107.9375
98.9375
90.8125
83.4375
77.1875
72.0625
68.125
65.4375
63.625
62.375
61.5
61.125
60.875
60.625
60.375
60.25
60.0625
59.8125
59.5
59.125
58.75
58.375
58.0
58.0625
62.625
78.5625
101.6875
126.1875
146.1875
152.6875
148.25
139.5625
129.9375
120.25
110.5625
101.25
92.5
84.875
78.5
73.5625
69.8125
67.1875
65.4375
64.375
63.8125
63.5625
63.375
63.25
63.125
62.8125
62.5
61.9375
61.3125
60.625
59.9375
59.4375
60.1875
68.625
88.6875
113.3125
137.875
153.4375
154.4375
147.25
137.5625
127.625
117.75
108.0625
98.875
90.375
83.0625
77.0
72.3125
68.8125
66.4375
64.875
64.0625
63.6875
63.5
63.375
63.3125
63.125
62.8125
62.375
61.75
61.0
60.125
59.375
58.5625
58.125
60.75
74.0
95.9375
119.75
141.125
150.3125
147.1875
138.3125
128.125
117.75
107.8125
98.3125
89.5625
82.0
75.625
70.5
66.5625
63.75
61.8125
60.6875
60.0
59.6875
59.375
59.3125
59.125
58.875
58.5625
58.1875
57.625
56.875
56.1875
55.4375
54.8125
54.125
55.375
65.0625
84.6875
106.0
126.8125
138.8125
138.0
129.625
119.25
108.9375
99.1875
90.3125
82.25
75.4375
69.875
65.5625
62.4375
60.25
58.6875
57.8125
57.4375
57.125
56.9375
56.875
56.75
56.5625
56.4375
56.3125
56.0625
55.6875
55.375
54.9375
54.375
54.3125
58.6875
74.1875
95.25
116.6875
134.375
140.25
135.5
126.5625
117.0
107.5625
98.625
90.375
83.0625
76.9375
72.0
68.1875
65.5625
63.5
62.1875
61.375
60.9375
60.8125
60.75
60.6875
60.4375
60.3125
60.0625
59.6875
59.25
58.8125
58.25
57.875
59.3125
69.5
90.5
115.0
139.0
152.5625
152.3125
144.8125
135.375
125.5625
115.875
106.4375
97.375
89.0625
82.125
76.375
71.875
68.625
66.375
65.125
64.3125
63.9375
63.75
63.625
63.4375
63.1875
62.875
62.3125
61.625
60.875
60.125
59.375
59.125
62.5
76.9375
99.625
124.0625
144.9375
152.9375
149.0
140.25
130.375
120.5
110.8125
101.4375
92.6875
85.0
78.5625
73.375
69.4375
66.625
64.875
63.75
63.125
62.9375
62.75
62.6875
62.5
62.25
61.875
61.375
60.75
60.0
59.25
58.5625
58.0
58.9375
67.4375
86.625
109.4375
131.9375
146.0625
146.6875
139.0625
129.0625
118.5625
108.4375
98.8125
90.0
82.25
75.875
70.625
66.625
63.5625
61.5
60.25
59.375
58.875
58.6875
58.5625
58.4375
58.1875
57.875
57.5625
57.125
56.625
56.0
55.3125
54.625
54.0625
54.5625
61.6875
79.1875
99.5625
120.1875
134.75
136.75
129.5
119.375
109.0
99.25
90.375
82.3125
75.375
69.75
65.375
62.0
59.6875
58.1875
57.25
56.6875
56.5
56.4375
56.4375
56.375
56.3125
56.25
56.0625
55.8125
55.4375
55.125
54.6875
54.1875
53.8125
56.3125
68.875
89.3125
110.375
129.75
138.6875
135.8125
127.25
117.5
108.125
99.375
91.25
83.8125
77.5
72.4375
68.5625
65.8125
63.75
62.25
61.3125
60.8125
60.5
60.4375
60.3125
60.3125
60.125
59.875
59.5625
59.125
58.75
58.25
57.8125
57.875
63.125
79.9375
103.3125
127.9375
147.1875
152.625
147.5625
138.75
129.25
119.625
110.125
100.875
92.25
84.6875
78.375
73.375
69.625
67.0
65.25
64.25
63.625
63.375
63.25
63.1875
63.0
62.625
62.3125
61.6875
61.0625
60.3125
59.6875
59.0625
59.875
68.3125
88.25
112.625
136.6875
151.75
152.5625
145.3125
135.6875
125.75
115.9375
106.3125
97.0625
88.8125
81.6875
75.75
71.25
67.875
65.625
64.25
63.5
63.125
63.0625
62.9375
62.8125
62.625
62.25
61.8125
61.1875
60.5
59.625
58.875
58.125
57.6875
59.9375
72.0
93.0625
116.1875
137.5
147.5625
144.875
136.125
126.0
115.8125
106.0
96.75
88.375
81.1875
75.3125
70.625
67.125
64.5625
62.75
61.6875
60.875
60.25
59.75
59.375
58.875
58.4375
57.9375
57.4375
56.8125
56.1875
55.625
54.875
54.25
53.625
54.625
63.1875
82.0625
102.875
123.6875
137.125
137.6875
129.875
119.625
109.25
99.5625
90.5625
82.5
75.6875
70.0625
65.625
62.1875
59.875
58.3125
57.3125
56.8125
56.625
56.5
56.4375
56.4375
56.3125
56.25
56.0
55.8125
55.5
55.125
54.6875
54.0625
53.625
54.8125
64.1875
82.75
102.6875
122.125
133.8125
133.1875
125.0
114.75
104.75
95.5
87.1875
79.75
73.375
68.4375
64.6875
62.25
60.75
60.0625
59.875
60.0
60.375
60.75
61.0625
61.1875
61.0
60.625
60.125
59.375
58.75
58.1875
57.6875
57.3125
59.9375
72.8125
94.5
118.125
139.6875
149.6875
147.3125
139.0
129.125
119.125
109.3125
100.0
91.375
83.75
77.4375
72.5
68.9375
66.4375
64.8125
63.8125
63.25
63.0625
63.0
62.875
62.75
62.4375
62.0625
61.5625
60.875
60.3125
59.75
59.3125
60.0625
68.5
88.5
113.0
137.375
152.875
154.0625
147.125
137.9375
128.375
118.8125
109.1875
100.0
91.4375
84.125
77.9375
73.0625
69.4375
66.9375
65.3125
64.375
63.875
63.5625
63.4375
63.3125
63.1875
62.8125
62.375
61.75
61.0625
60.25
59.5
58.75
58.4375
61.4375
75.125
97.5625
121.875
143.375
152.125
148.5
139.5
129.5
119.4375
109.625
100.3125
91.6875
84.0625
77.6875
72.5
68.375
65.5
63.5
62.25
61.3125
60.6875
60.25
60.0
59.75
59.4375
59.0625
58.625
58.0
57.1875
56.5625
55.75
55.0
54.5
56.5625
67.8125
87.75
109.25
129.75
140.4375
138.5
129.75
119.3125
109.0625
99.375
90.5
82.5
75.6875
70.1875
65.8125
62.6875
60.3125
58.8125
57.875
57.5
57.3125
57.1875
57.125
57.125
57.0
56.8125
56.5625
56.1875
55.8125
55.375
54.8125
54.3125
54.125
57.75
72.1875
92.5625
113.25
130.9375
137.1875
132.375
122.6875
112.4375
102.75
93.8125
85.8125
79.0625
73.5
69.1875
66.0
63.875
62.5
61.75
61.375
61.1875
61.0625
60.875
60.6875
60.375
60.0
59.6875
59.3125
58.875
58.5
58.1875
57.875
58.75
67.125
86.75
110.125
133.8125
149.125
150.5625
143.5625
134.125
124.5
115.0
105.6875
96.8125
88.6875
81.75
76.125
71.6875
68.5
66.3125
64.8125
63.9375
63.5
63.25
63.125
63.0
62.6875
62.375
61.9375
61.375
60.6875
60.125
59.5625
59.375
63.4375
78.875
102.5
127.8125
148.4375
155.125
150.375
141.4375
131.625
121.8125
112.125
102.75
94.0
86.1875
79.75
74.5
70.5
67.625
65.6875
64.5625
63.875
63.5625
63.3125
63.1875
63.0
62.75
62.3125
61.75
61.125
60.3125
59.625
58.8125
58.25
58.8125
66.3125
85.1875
108.5625
132.3125
148.25
150.0
142.6875
132.6875
122.375
112.4375
102.875
93.9375
85.875
79.0
73.4375
69.0625
65.75
63.4375
61.8125
60.75
60.1875
59.8125
59.625
59.375
59.25
58.875
58.5625
58.0
57.375
56.6875
56.0
55.3125
54.625
54.3125
57.75
72.0
92.75
114.25
133.0625
140.375
136.25
126.8125
116.375
106.125
96.5625
87.75
80.0625
73.5
68.375
64.375
61.5
59.5
58.3125
57.5625
57.25
57.125
57.125
57.1875
57.125
57.0
56.875
56.75
56.3125
55.875
55.4375
54.9375
54.3125
54.125
58.25
73.1875
93.625
114.1875
131.5625
137.25
132.25
122.75
112.75
103.25
94.6875
87.0625
80.5
74.9375
70.5
67.3125
65.0625
63.4375
62.3125
61.6875
61.1875
60.875
60.5625
60.3125
60.0
59.75
59.5
59.125
58.8125
58.375
58.0
57.5625
58.1875
65.6875
84.8125
108.5
132.6875
149.25
151.875
145.25
135.625
125.6875
116.0625
106.6875
97.75
89.625
82.5625
76.875
72.375
69.0
66.6875
65.0625
64.125
63.5
63.25
63.125
63.0625
62.875
62.5625
62.125
61.5625
60.9375
60.375
59.75
59.3125
61.8125
74.375
96.5625
121.25
143.6875
153.9375
151.375
142.9375
133.125
123.1875
113.4375
104.0
95.0625
87.0625
80.3125
74.875
70.625
67.625
65.625
64.3125
63.6875
63.375
63.25
63.25
63.125
62.9375
62.625
62.125
61.5
60.6875
59.875
59.125
58.4375
58.5625
64.0625
81.125
104.125
128.0625
146.0
150.1875
143.9375
134.25
123.9375
113.875
104.25
95.1875
87.0625
80.0
74.25
69.625
66.3125
63.875
62.25
61.0625
60.3125
59.9375
59.625
59.3125
59.0625
58.75
58.3125
57.8125
57.25
56.625
55.875
55.1875
54.5625
54.125
57.0
70.1875
90.5625
111.8125
131.0
139.25
135.5625
126.125
115.6875
105.5625
96.25
87.6875
80.0625
73.6875
68.5625
64.625
61.6875
59.6875
58.375
57.5625
57.0625
56.875
56.75
56.6875
56.5
56.375
56.1875
55.9375
55.625
55.1875
54.8125
54.375
53.9375
53.625
57.0625
71.125
91.5
112.0625
130.125
136.9375
132.4375
123.0
112.75
103.0625
94.3125
86.5625
79.875
74.4375
70.125
66.9375
64.75
63.3125
62.3125
61.625
61.375
61.125
60.875
60.5
60.25
59.9375
59.5625
59.1875
58.8125
58.5
58.0625
57.6875
58.0
64.0625
81.6875
105.0625
129.125
147.1875
151.5
146.0
136.8125
127.0
117.3125
107.9375
99.0
90.6875
83.5
77.5
72.8125
69.25
66.875
65.1875
64.1875
63.5625
63.3125
63.1875
63.0625
62.9375
62.625
62.25
61.6875
61.125
60.4375
59.875
59.3125
60.5625
70.3125
91.25
115.8125
139.5625
153.0625
152.6875
145.0625
135.4375
125.5
115.75
106.1875
97.0625
88.8125
81.6875
75.875
71.375
68.125
66.0
64.6875
63.9375
63.5625
63.4375
63.375
63.3125
63.0625
62.75
62.1875
61.5625
60.875
60.125
59.4375
58.6875
58.5
62.5
77.625
100.0
123.8125
143.3125
149.8125
145.0625
135.8125
125.5625
115.25
105.375
96.0
87.5625
80.1875
74.25
69.3125
65.6875
63.125
61.3125
60.25
59.75
59.5625
59.3125
59.1875
59.0
58.875
58.4375
58.0625
57.4375
56.8125
56.0625
55.375
54.75
54.375
57.1875
70.0
90.375
111.375
130.4375
138.8125
135.25
125.8125
115.3125
105.1875
95.75
87.25
79.6875
73.4375
68.375
64.625
61.75
59.8125
58.5
57.75
57.375
57.125
57.0
56.9375
56.8125
56.6875
56.5625
56.25
56.0625
55.6875
55.25
54.8125
54.375
54.75
61.4375
79.0
99.8125
120.625
135.6875
138.5
132.25
123.25
113.625
104.5
95.8125
87.5
80.8125
74.625
70.25
66.8125
64.375
62.625
61.5625
60.9375
60.625
60.6875
60.5625
60.5625
60.5625
60.375
60.0625
59.75
59.25
58.8125
58.25
57.875
59.9375
71.6875
93.5625
118.6875
142.625
153.0
149.9375
142.375
133.25
122.9375
113.5625
105.1875
96.75
88.5
81.5625
76.375
72.1875
68.8125
66.3125
64.5
63.5
63.5625
63.9375
64.3125
64.5
64.3125
63.625
62.8125
61.8125
60.75
59.75
58.875
58.625
62.3125
77.125
100.0625
124.8125
145.8125
153.625
149.5
140.5625
130.5625
120.625
110.9375
101.5625
92.8125
85.0625
78.6875
73.5
69.5625
66.8125
65.1875
64.25
64.0
63.4375
62.8125
62.6875
62.8125
62.5625
61.875
61.5625
60.9375
60.4375
61.0
61.75
62.5625
62.6875
66.125
81.0625
103.0
126.0
142.125
144.625
137.3125
129.0625
121.1875
112.5
103.1875
93.125
83.5625
76.0625
71.8125
68.9375
65.8125
63.5625
61.8125
60.4375
59.5625
59.1875
58.9375
58.6875
58.0625
56.8125
55.3125
55.125
57.125
59.0625
58.8125
57.0625
55.75
54.875
57.625
70.875
90.9375
112.0625
130.5625
137.75
133.4375
123.75
113.0
102.8125
94.125
86.25
78.5625
73.75
68.75
62.8125
59.8125
57.125
55.1875
55.0625
55.25
55.375
55.875
56.25
56.375
56.3125
56.125
56.1875
56.0
55.1875
54.5625
54.5
54.625
55.75
64.75
83.375
103.1875
123.375
137.0625
136.9375
127.8125
117.9375
108.875
100.0625
91.875
84.5
78.125
73.1875
69.375
66.1875
64.125
62.9375
62.375
62.3125
61.8125
61.0625
60.1875
59.375
59.0
59.0625
59.0625
59.3125
58.5625
57.875
58.1875
58.0625
61.375
76.0
99.0
124.0625
145.875
154.125
150.3125
141.6875
131.25
121.125
111.375
102.0
93.75
86.375
79.625
74.25
69.5625
66.5625
65.625
64.3125
62.8125
62.75
63.3125
63.25
62.75
62.25
62.375
62.125
61.4375
61.0
60.5
59.5625
60.0
67.875
87.5625
111.8125
136.3125
152.375
153.8125
146.5
136.75
127.0
117.5
108.125
98.8125
90.3125
83.125
77.125
72.125
68.5
66.125
64.5
63.75
63.375
63.375
63.25
63.125
63.0625
62.8125
62.375
61.6875
60.75
60.0625
59.1875
58.375
58.125
60.6875
73.1875
94.5
117.9375
139.1875
149.125
146.3125
137.5
127.25
116.875
106.75
97.25
88.75
81.25
75.0
69.9375
66.0
63.0
61.125
59.875
59.125
58.6875
58.5625
58.6875
58.625
58.5625
58.4375
58.25
57.75
57.25
56.5
55.6875
54.9375
54.25
55.25
64.3125
83.1875
104.0
124.5
136.9375
136.625
128.375
117.875
107.5
98.0625
89.3125
81.625
75.125
69.5625
65.1875
61.875
59.5625
58.0625
57.3125
56.9375
56.75
56.5
56.375
56.3125
56.3125
56.375
56.1875
55.9375
55.6875
55.3125
54.8125
54.1875
53.9375
57.6875
72.0
92.5
113.375
131.375
137.875
133.4375
124.4375
114.75
105.6875
97.125
89.3125
82.375
76.5625
71.6875
67.875
65.375
63.5625
62.1875
61.3125
60.8125
60.5
60.375
60.25
60.0625
59.8125
59.5625
59.375
59.0
58.625
58.25
57.8125
58.5
67.1875
87.0625
110.875
135.25
151.1875
152.875
145.875
136.1875
126.1875
116.3125
106.9375
98.125
89.75
82.125
75.875
71.625
68.4375
66.25
65.0625
64.125
63.4375
63.1875
63.375
63.5625
63.625
63.25
62.875
62.125
61.3125
60.75
60.0
59.3125
61.75
74.6875
97.125
121.9375
143.8125
153.5
150.5
142.125
132.5625
122.75
112.9375
103.5
94.4375
86.5625
79.9375
74.25
70.3125
67.5625
65.6875
64.5
64.0
63.6875
63.5
63.3125
63.125
63.125
62.1875
61.6875
61.3125
60.375
59.6875
58.875
58.0625
58.1875
64.0625
81.5625
104.4375
127.9375
145.5
149.25
143.0
133.0
122.3125
112.0
102.25
93.1875
85.25
78.375
72.5625
68.0625
64.8125
62.4375
60.8125
60.0625
59.625
59.25
58.875
58.875
58.75
58.6875
58.375
58.0
57.375
56.6875
55.9375
55.25
54.75
54.625
58.75
73.5625
94.0
114.875
132.5625
138.0
132.625
122.6875
112.25
102.3125
93.25
85.375
78.375
72.375
67.1875
63.4375
60.9375
59.4375
58.5
57.6875
57.1875
56.8125
56.5625
56.5
56.625
56.6875
56.75
56.3125
55.6875
55.0625
54.8125
54.625
54.3125
55.9375
66.75
87.125
108.8125
129.6875
141.0
139.9375
132.0625
122.125
112.25
102.75
93.875
86.1875
79.5625
73.6875
69.1875
66.0625
64.375
62.625
61.4375
61.0625
60.4375
60.25
60.5625
61.0
60.875
61.3125
61.125
59.9375
59.375
58.1875
58.5
59.0
64.6875
82.5625
106.4375
131.8125
150.3125
154.0
147.5625
137.75
128.0625
119.1875
110.5625
102.0625
93.6875
85.5
79.0
74.875
71.25
67.9375
65.9375
64.6875
63.5625
63.125
62.8125
62.5
62.125
61.9375
61.5625
61.375
60.9375
60.125
59.3125
58.875
60.6875
71.4375
92.9375
117.5
140.9375
153.6875
152.8125
145.125
135.625
125.75
115.8125
106.1875
97.0
88.75
81.625
75.75
71.125
67.875
65.625
63.8125
62.875
62.875
62.875
62.6875
62.5
62.1875
61.8125
61.375
60.75
60.0
59.3125
58.6875
58.125
58.125
62.75
78.625
101.0
124.625
143.4375
148.875
143.375
133.6875
123.25
113.0625
103.375
94.25
86.0
78.8125
72.9375
68.25
64.875
62.5
60.9375
59.9375
59.375
59.0625
58.8125
58.5625
58.4375
58.1875
57.75
57.3125
56.8125
56.3125
55.625
55.0
54.375
54.125
57.0625
70.1875
90.625
111.6875
130.6875
138.75
135.125
125.625
115.0625
104.75
95.375
86.75
79.3125
73.125
68.25
64.5
61.6875
59.6875
58.4375
57.6875
57.3125
57.0625
56.9375
56.9375
56.8125
56.6875
56.5625
56.375
56.125
55.75
55.375
54.875
54.4375
55.3125
64.125
83.5
104.875
126.0
139.625
140.5
133.4375
123.9375
114.1875
104.8125
95.875
87.875
80.875
75.0625
70.5625
67.25
64.75
63.125
62.0625
61.5
61.25
61.0625
61.0625
60.9375
60.75
60.5625
60.1875
59.8125
59.375
59.0
58.5
58.5
62.5625
78.1875
101.6875
127.125
148.3125
155.5
151.0
142.1875
132.5625
122.8125
113.125
103.6875
94.75
86.875
80.3125
74.875
70.9375
68.0625
66.0625
64.9375
64.3125
64.0
63.875
63.75
63.625
63.375
62.875
62.375
61.6875
61.0
60.3125
59.75
60.0625
66.6875
85.1875
109.25
133.9375
151.125
154.0625
147.5625
138.25
128.375
118.6875
109.125
99.875
91.1875
83.75
77.5
72.625
69.0
66.375
64.75
63.75
63.3125
63.125
63.125
63.0
62.875
62.5
62.125
61.625
60.9375
60.125
59.375
58.6875
58.1875
60.4375
72.4375
93.6875
117.25
139.1875
149.6875
147.125
138.25
127.6875
117.1875
107.125
97.75
89.125
81.75
75.5
70.5
66.5625
63.8125
61.75
60.5
59.75
59.25
59.0
58.75
58.5625
58.375
58.125
57.6875
57.1875
56.625
55.9375
55.3125
54.6875
54.1875
55.0625
63.6875
82.3125
103.0625
123.8125
137.0
137.4375
129.5625
119.3125
108.9375
99.25
90.375
82.4375
75.6875
70.1875
65.9375
62.75
60.375
58.875
57.9375
57.375
57.125
57.0
56.875
56.75
56.625
56.4375
56.3125
56.0
55.625
55.1875
54.875
54.375
53.9375
56.25
68.5625
89.125
110.5625
130.5625
140.25
137.8125
129.4375
119.875
110.375
101.375
92.9375
85.25
78.6875
73.25
69.125
66.0
63.8125
62.3125
61.375
60.8125
60.625
60.5625
60.5
60.4375
60.25
60.0625
59.8125
59.5
59.0
58.5625
58.0625
57.8125
61.0625
75.1875
97.875
122.625
144.625
153.875
150.6875
142.375
132.875
123.125
113.5625
104.0625
95.0625
87.0
80.25
74.75
70.625
67.6875
65.625
64.4375
63.8125
63.5625
63.4375
63.375
63.25
63.125
62.75
62.1875
61.5
60.8125
60.125
59.375
59.125
62.5
77.0
99.875
124.6875
145.875
153.9375
149.9375
141.0
131.1875
121.3125
111.625
102.25
93.4375
85.75
79.3125
74.0
70.0
67.125
65.25
64.0
63.3125
63.0
62.75
62.625
62.4375
62.125
61.6875
61.3125
60.6875
60.0
59.1875
58.5
57.875
57.6875
61.75
76.6875
98.6875
122.0
141.3125
147.75
142.8125
133.3125
122.9375
112.75
103.0625
93.8125
85.4375
78.375
72.5
67.8125
64.3125
61.875
60.25
59.25
58.8125
58.625
58.4375
58.375
58.25
58.125
57.8125
57.375
56.875
56.25
55.625
54.9375
54.25
53.6875
54.625
63.75
82.5
103.0
123.25
135.75
135.5625
127.375
116.875
106.625
97.0625
88.4375
80.8125
74.25
69.0
64.9375
61.875
59.6875
58.1875
57.25
56.8125
56.5625
56.375
56.25
56.1875
56.125
56.0
55.9375
55.6875
55.375
55.0
54.625
54.125
53.9375
57.125
71.3125
92.6875
114.875
134.6875
142.75
138.6875
129.3125
119.0625
109.0625
99.75
91.0625
83.375
76.875
71.625
67.75
65.0
63.0625
61.8125
61.125
60.75
60.75
60.6875
60.625
60.5
60.25
60.0
59.5625
59.0
58.5
58.0
57.4375
57.375
61.875
77.9375
101.1875
126.1875
146.6875
153.6875
149.25
140.5
130.8125
121.0625
111.5625
102.25
93.5
85.75
79.3125
74.125
70.1875
67.1875
65.3125
64.125
63.5625
63.125
63.0
62.875
62.6875
62.375
61.9375
61.5
60.8125
60.1875
59.4375
58.875
58.5
61.4375
74.75
96.875
121.25
142.9375
152.1875
148.75
140.125
130.3125
120.625
111.0
101.75
93.0625
85.3125
78.8125
73.4375
69.375
66.5
64.5625
63.3125
62.6875
62.3125
62.125
62.0
61.8125
61.625
61.3125
60.875
60.3125
59.625
58.875
58.1875
57.4375
56.9375
58.875
70.0
90.4375
113.1875
134.75
145.9375
144.1875
135.4375
124.9375
114.5
104.5625
95.25
86.8125
79.375
73.3125
68.4375
64.75
62.0625
60.25
59.125
58.4375
58.25
58.0625
57.875
57.6875
57.5625
57.1875
56.8125
56.375
55.9375
55.1875
54.4375
53.75
53.0625
52.625
55.125
67.5
86.875
106.875
125.75
134.8125
132.0625
123.125
112.75
102.5625
93.3125
84.875
77.5
71.4375
66.6875
63.0
60.3125
58.375
57.125
56.25
55.875
55.6875
55.4375
55.25
55.125
55.0625
54.9375
54.8125
54.5
54.25
53.875
53.5
53.0
52.625
55.25
67.875
88.0
108.4375
127.5625
136.5625
133.875
125.3125
115.625
106.3125
97.75
90.0
82.875
76.8125
71.875
68.1875
65.4375
63.4375
62.0
61.125
60.5
60.125
59.875
59.5625
59.4375
59.25
59.125
58.8125
58.5
58.125
57.75
57.25
57.0625
60.3125
74.1875
96.125
120.0625
141.3125
150.4375
147.75
139.6875
130.1875
120.625
111.1875
101.8125
93.1875
85.5
79.0625
73.875
69.8125
66.8125
64.625
63.1875
62.4375
62.1875
62.125
62.25
62.25
62.125
61.75
61.125
60.5
59.8125
59.1875
58.6875
58.5625
62.6875
78.0625
100.75
125.0
145.125
152.125
147.625
138.75
129.0625
119.3125
109.75
100.5
91.9375
84.25
77.875
72.75
68.9375
66.1875
64.4375
63.5
62.9375
62.625
62.4375
62.3125
62.0625
61.75
61.3125
60.6875
60.0625
59.375
58.75
58.0
57.4375
57.375
61.6875
76.9375
98.6875
121.5
140.25
146.5
141.6875
132.4375
122.375
112.375
102.875
93.9375
85.875
79.0
73.375
68.875
65.4375
63.0625
61.4375
60.5
59.8125
59.3125
58.875
58.5
58.1875
57.875
57.5
57.0625
56.5
55.875
55.25
54.4375
53.6875
53.0625
53.5
60.875
78.5
98.6875
119.25
133.8125
136.0
129.0625
118.9375
108.75
98.9375
90.125
82.25
75.3125
69.8125
65.4375
62.125
59.6875
58.0
56.9375
56.375
56.0625
55.875
55.6875
55.625
55.5
55.3125
55.1875
54.9375
54.6875
54.3125
53.9375
53.4375
53.0625
53.375
59.6875
76.3125
95.75
115.25
129.6875
132.375
125.8125
115.875
105.875
96.625
88.25
81.0
75.0
70.1875
66.5625
64.0
62.3125
61.25
60.6875
60.375
60.25
60.125
59.875
59.5625
59.3125
58.9375
58.625
58.25
57.75
57.4375
57.0
56.75
57.625
65.8125
84.875
107.5625
130.5625
145.9375
147.9375
141.5
132.375
122.6875
113.0
103.625
94.875
86.875
80.0625
74.625
70.375
67.3125
65.25
63.875
63.0625
62.625
62.4375
62.3125
62.1875
62.0
61.6875
61.3125
60.6875
60.125
59.5
58.9375
58.5
60.0625
70.6875
91.5
115.5
138.5625
151.3125
150.5625
142.875
133.375
123.625
114.0625
104.6875
95.8125
87.75
80.8125
75.125
70.6875
67.375
65.125
63.75
63.0
62.5625
62.5625
62.4375
62.4375
62.3125
61.9375
61.5
60.9375
60.3125
59.5
58.6875
57.9375
57.5625
60.3125
73.3125
94.5
117.5625
138.4375
147.625
144.8125
136.0625
126.0
115.75
105.9375
96.625
88.0625
80.6875
74.5625
69.625
65.875
63.1875
61.3125
60.0625
59.375
59.0
58.75
58.5625
58.4375
58.25
57.9375
57.5625
57.0625
56.4375
55.8125
55.125
54.375
53.75
54.125
60.6875
77.8125
98.125
118.6875
133.6875
136.3125
129.5625
119.5
109.1875
99.5625
90.75
82.75
75.75
70.0625
65.625
62.1875
59.6875
58.0
57.0
56.4375
56.0625
56.0
55.875
55.875
55.8125
55.6875
55.5
55.3125
55.0
54.6875
54.3125
53.8125
53.3125
53.3125
58.5
74.4375
94.5625
114.6875
130.8125
135.1875
129.5625
120.0625
110.3125
101.25
93.0625
85.6875
79.1875
73.75
69.4375
66.3125
64.0625
62.4375
61.3125
60.6875
60.25
60.0
59.75
59.4375
59.3125
59.125
58.8125
58.4375
58.0625
57.625
57.25
56.875
57.25
63.75
81.4375
104.125
127.8125
145.1875
149.125
143.5625
134.5
125.0625
115.625
106.4375
97.5
89.3125
82.0625
76.125
71.4375
67.9375
65.5625
64.0
63.0625
62.5
62.375
62.25
62.1875
62.0625
61.875
61.4375
60.9375
60.3125
59.5625
58.9375
58.375
59.4375
68.375
88.375
112.125
135.6875
150.125
150.75
143.5
134.0
124.1875
114.5625
105.25
96.3125
88.25
81.25
75.5
71.0
67.6875
65.4375
64.0
63.1875
62.6875
62.4375
62.1875
62.0625
61.875
61.5625
61.125
60.5625
59.9375
59.1875
58.4375
57.75
57.375
59.5
71.125
91.625
114.3125
135.4375
146.0625
144.0625
135.5
125.1875
114.9375
105.0625
95.8125
87.375
79.9375
73.75
68.75
65.0
62.3125
60.4375
59.25
58.6875
58.375
58.125
58.0625
58.0
57.875
57.5625
57.25
56.75
56.125
55.5
54.8125
54.125
53.5
53.875
60.5625
77.5625
97.4375
117.6875
132.375
135.0625
128.25
118.0625
107.8125
98.25
89.5
81.6875
74.9375
69.5625
65.3125
62.0625
59.75
58.0
57.0625
56.5
56.25
56.0625
55.9375
55.8125
55.75
55.625
55.4375
55.25
54.9375
54.5625
54.1875
53.6875
53.3125
55.125
66.0625
85.5625
105.9375
125.5625
136.3125
135.25
127.625
118.3125
109.0
99.9375
91.4375
83.8125
77.3125
72.0625
68.0
64.9375
62.8125
61.3125
60.375
59.9375
59.8125
59.8125
59.75
59.75
59.5625
59.375
59.0625
58.6875
58.25
57.75
57.25
57.25
61.625
77.125
99.875
124.1875
144.3125
151.3125
147.0
138.1875
128.625
119.0625
109.6875
100.625
92.0625
84.4375
78.0625
73.0
69.0625
66.375
64.5625
63.4375
62.8125
62.625
62.5625
62.5625
62.4375
62.1875
61.8125
61.1875
60.5625
59.8125
59.125
58.5625
58.6875
64.125
81.0
103.9375
127.9375
146.25
150.875
145.125
135.75
125.8125
115.9375
106.375
97.3125
89.0625
81.9375
76.0
71.375
67.8125
65.4375
63.75
62.8125
62.25
62.0625
61.9375
61.8125
61.6875
61.4375
61.0625
60.5625
60.0
59.3125
58.625
57.875
57.375
57.9375
65.1875
83.3125
105.4375
127.75
142.9375
144.75
137.375
127.1875
116.75
106.75
97.3125
88.75
81.0625
74.75
69.625
65.625
62.75
60.75
59.5
58.6875
58.3125
58.0
57.875
57.75
57.625
57.25
56.9375
56.5
55.9375
55.3125
54.6875
54.0625
53.375
53.0625
55.5625
67.5
86.5
106.25
124.625
133.4375
130.6875
121.6875
111.375
101.4375
92.3125
84.1875
77.0625
71.125
66.375
62.75
60.1875
58.25
57.0
56.25
55.875
55.6875
55.4375
55.3125
55.1875
55.125
54.9375
54.75
54.5625
54.25
53.875
53.5
53.0625
53.0
57.4375
72.75
93.0625
113.5
130.75
136.3125
131.375
122.0625
112.4375
103.4375
95.1875
87.6875
80.875
75.1875
70.625
67.3125
64.75
62.875
61.5625
60.6875
60.125
59.8125
59.5625
59.375
59.3125
59.125
58.9375
58.625
58.3125
57.9375
57.5625
57.125
57.75
64.8125
83.0625
106.0625
129.875
147.0
150.5625
144.75
135.8125
126.25
116.75
107.5
98.5
90.125
82.875
76.875
72.125
68.625
66.125
64.4375
63.5
62.875
62.75
62.625
62.5625
62.4375
62.1875
61.75
61.1875
60.5
59.8125
59.125
58.5625
59.625
68.4375
88.3125
112.125
135.625
150.1875
151.0
143.75
134.0625
124.3125
114.6875
105.3125
96.25
88.1875
81.125
75.3125
70.8125
67.5625
65.3125
63.9375
63.1875
62.75
62.625
62.5
62.4375
62.1875
61.875
61.4375
60.875
60.1875
59.4375
58.6875
57.875
57.3125
58.5
67.9375
87.4375
109.9375
132.0
145.0
144.8125
136.9375
127.0
117.0625
107.375
98.0625
89.4375
81.75
75.4375
70.25
66.25
63.25
61.1875
59.6875
58.8125
58.3125
58.0625
57.9375
57.75
57.625
57.3125
57.0
56.625
56.125
55.5
54.875
54.1875
53.5
53.25
56.875
70.875
90.625
111.0
128.75
135.5625
131.125
121.5
111.0
101.0625
91.9375
83.8125
76.8125
71.0
66.5
63.0
60.4375
58.625
57.4375
56.8125
56.4375
56.1875
56.0
55.875
55.6875
55.5625
55.375
55.1875
54.8125
54.5
54.125
53.6875
53.125
53.125
57.6875
72.9375
92.8125
112.9375
129.5
134.625
129.5
120.0625
110.25
101.125
92.8125
85.375
78.9375
73.4375
69.1875
66.0625
63.75
62.125
61.0625
60.4375
60.0
59.75
59.5
59.25
59.125
59.0
58.75
58.4375
58.0625
57.6875
57.375
56.9375
57.6875
65.1875
83.75
106.5
130.125
146.5625
149.3125
143.125
134.0625
124.625
115.1875
105.9375
97.0
88.75
81.6875
75.9375
71.25
67.9375
65.5625
64.0625
63.1875
62.75
62.6875
62.5625
62.5625
62.4375
62.1875
61.75
61.1875
60.5
59.75
59.125
58.6875
60.1875
70.375
91.0625
115.0
138.0
150.6875
149.9375
142.1875
132.625
122.8125
113.25
103.875
95.0
87.0
80.125
74.5625
70.1875
67.0
64.8125
63.5625
62.75
62.375
62.25
62.1875
62.125
62.0
61.75
61.25
60.6875
60.0
59.25
58.5
57.875
57.625
61.0625
75.0
96.625
119.8125
139.875
147.5
143.1875
134.0
123.875
114.0
104.3125
95.1875
86.875
79.75
73.6875
68.875
65.25
62.5
60.75
59.6875
59.0625
58.625
58.5
58.375
58.25
58.0625
57.6875
57.3125
56.75
56.125
55.4375
54.8125
54.0625
53.625
55.5625
66.3125
85.125
105.0625
124.375
134.6875
132.9375
124.25
113.9375
103.75
94.375
85.9375
78.5625
72.3125
67.375
63.5
60.5625
58.5
57.1875
56.375
55.9375
55.75
55.6875
55.6875
55.5625
55.4375
55.3125
55.1875
54.9375
54.625
54.25
53.8125
53.25
53.1875
57.375
72.0625
91.9375
112.1875
129.25
134.875
130.125
120.75
110.875
101.6875
93.3125
85.8125
79.1875
73.75
69.25
66.0625
63.8125
62.3125
61.0
60.1875
60.0
59.875
59.4375
59.25
59.25
59.0625
58.75
58.375
58.0625
57.875
57.4375
57.0
58.125
66.4375
85.5625
108.75
132.125
147.125
148.5625
142.0
132.875
123.375
113.9375
104.6875
95.6875
87.625
80.8125
75.1875
70.8125
67.5625
65.25
63.75
62.875
62.375
62.1875
62.125
62.0
61.8125
61.625
61.25
60.8125
60.25
59.5625
59.0625
58.8125
62.0
75.75
97.9375
122.1875
143.5
152.3125
148.9375
140.1875
130.25
120.5625
110.9375
101.8125
93.1875
85.4375
78.8125
73.625
69.5625
66.5625
64.5625
63.4375
62.8125
62.4375
62.375
62.25
62.1875
62.0
61.625
61.125
60.5
59.75
59.0
58.1875
57.6875
58.0
63.875
81.0625
103.3125
126.125
143.0
146.6875
140.25
130.5625
120.5
110.625
101.25
92.4375
84.5
77.6875
72.1875
67.875
64.625
62.25
60.625
59.5
58.875
58.375
58.1875
58.0625
57.8125
57.5625
57.125
56.8125
56.25
55.625
55.0
54.3125
53.6875
53.4375
56.25
68.9375
88.625
109.0
127.6875
135.875
132.5625
123.1875
112.875
102.8125
93.625
85.25
77.8125
71.6875
66.8125
63.0625
60.1875
58.25
56.9375
56.25
55.875
55.75
55.625
55.625
55.5
55.375
55.25
55.0
54.75
54.4375
54.125
53.5625
53.125
52.9375
55.9375
69.0625
88.4375
108.3125
126.3125
134.0
130.4375
121.25
111.125
101.6875
93.125
85.5
78.875
73.5625
69.25
66.0
63.8125
62.3125
61.25
60.625
60.3125
60.0
59.6875
59.4375
59.1875
58.9375
58.6875
58.4375
58.0625
57.6875
57.3125
57.0
57.0625
62.0625
78.1875
100.4375
124.25
143.375
149.3125
144.5
135.6875
126.125
116.5
107.125
98.0
89.4375
82.125
76.0
71.25
67.75
65.3125
63.75
62.75
62.375
62.1875
62.1875
62.1875
62.125
61.9375
61.5625
61.0
60.4375
59.75
59.1875
58.625
59.375
67.625
86.75
110.1875
133.875
149.1875
150.75
143.9375
134.6875
125.125
115.5
106.125
97.125
88.8125
81.8125
76.0
71.375
67.875
65.5
63.9375
63.0625
62.625
62.375
62.1875
62.125
62.0
61.6875
61.3125
60.75
60.125
59.375
58.75
57.9375
57.375
58.4375
67.5
86.9375
109.625
132.3125
145.875
145.875
137.75
127.4375
117.0625
107.1875
97.8125
89.125
81.3125
75.0
69.75
65.6875
62.8125
60.75
59.5
58.75
58.375
58.25
58.1875
58.125
58.0
57.8125
57.4375
56.9375
56.375
55.75
55.0
54.375
53.6875
53.3125
55.875
68.0625
87.5625
107.8125
126.4375
135.0625
132.0
122.8125
112.375
102.4375
93.5
85.3125
78.125
72.0625
67.3125
63.5
60.625
58.5625
57.125
56.3125
55.9375
55.6875
55.5
55.5
55.4375
55.3125
55.25
55.1875
54.875
54.625
54.375
54.0
53.5625
53.4375
57.75
72.9375
93.625
114.6875
132.5
138.6875
134.3125
125.375
115.625
106.125
97.25
89.0625
81.875
75.875
70.9375
67.1875
64.4375
62.5625
61.25
60.5
60.125
59.9375
59.875
59.75
59.6875
59.5
59.3125
58.9375
58.5
58.0625
57.5625
57.0625
57.5625
64.5625
82.875
106.3125
130.5625
147.75
151.0625
145.0625
135.9375
126.4375
116.9375
107.5625
98.5625
90.1875
82.875
76.875
72.125
68.5625
66.0
64.375
63.5
62.875
62.625
62.5625
62.5
62.3125
62.0625
61.6875
61.125
60.5
59.75
59.125
58.5
59.4375
68.125
87.75
111.5
135.0
149.5625
150.375
143.0625
133.4375
123.5625
113.9375
104.5625
95.5625
87.5
80.625
75.0625
70.5625
67.25
65.0
63.5625
62.6875
62.1875
62.0625
61.875
61.75
61.625
61.3125
60.875
60.375
59.75
59.0
58.25
57.625
57.3125
59.4375
70.8125
91.125
113.6875
134.375
144.5625
142.25
133.5
123.4375
113.4375
103.75
94.6875
86.5
79.375
73.4375
68.6875
65.125
62.375
60.5625
59.375
58.5625
58.1875
57.9375
57.75
57.5625
57.4375
57.0625
56.6875
56.125
55.5625
54.9375
54.3125
53.6875
53.0625
53.1875
58.9375
75.1875
95.0
115.1875
130.875
134.8125
128.8125
118.8125
108.4375
98.8125
89.9375
82.125
75.25
69.625
65.125
61.75
59.3125
57.5625
56.625
56.0625
55.75
55.5625
55.375
55.3125
55.1875
55.0625
54.9375
54.8125
54.5
54.1875
53.75
53.375
52.875
52.9375
57.8125
73.375
93.3125
113.25
129.8125
135.0
130.0
121.0
111.625
102.6875
94.5
86.875
80.1875
74.5625
70.125
66.75
64.1875
62.3125
61.0
60.1875
59.6875
59.375
59.1875
59.125
58.9375
58.8125
58.625
58.375
58.0
57.625
57.25
56.8125
57.125
63.25
80.8125
103.6875
127.75
145.8125
150.375
145.0
136.125
126.5625
117.0625
107.8125
98.875
90.4375
83.125
77.0
72.0625
68.375
65.75
64.0
63.0625
62.5
62.25
62.25
62.1875
62.0625
61.8125
61.4375
61.0
60.3125
59.625
59.0
58.375
58.75
65.4375
83.3125
106.5625
130.4375
147.4375
150.8125
144.75
135.6875
125.9375
116.4375
107.1875
98.1875
89.8125
82.5
76.375
71.5
67.9375
65.375
63.75
62.75
62.375
62.125
62.0625
62.0
61.9375
61.625
61.25
60.6875
60.0625
59.3125
58.5625
57.9375
57.375
58.25
66.75
85.8125
108.25
130.6875
144.75
145.4375
137.9375
128.0625
118.0625
108.1875
99.0
90.4375
82.6875
76.1875
70.9375
66.8125
63.75
61.5
60.0
59.125
58.4375
58.1875
58.0625
57.875
57.6875
57.5
57.0625
56.5625
56.0
55.375
54.75
54.0625
53.4375
53.25
57.0625
71.3125
91.0625
111.375
129.125
135.8125
131.625
122.3125
112.125
102.375
93.375
85.125
77.8125
71.8125
66.875
63.125
60.375
58.5
57.25
56.5
56.125
55.875
55.75
55.625
55.5
55.375
55.25
55.0625
54.75
54.375
54.0625
53.625
53.1875
53.625
60.25
77.625
98.0
118.5625
133.625
136.5
130.1875
120.6875
111.0
102.125
93.9375
86.4375
79.8125
74.1875
69.8125
66.5
64.1875
62.4375
61.25
60.5
60.1875
59.9375
59.75
59.625
59.4375
59.25
59.0625
58.6875
58.25
57.9375
57.5625
57.1875
58.6875
69.0625
89.625
113.0625
136.0
149.125
149.0625
141.75
132.5625
123.125
113.875
104.75
96.0
88.0
81.125
75.5
71.125
67.875
65.5625
64.125
63.1875
62.6875
62.375
62.1875
62.0625
61.875
61.5625
61.1875
60.5625
59.9375
59.375
58.75
58.5
62.0625
76.4375
98.75
122.875
143.625
151.8125
148.1875
139.6875
130.0625
120.25
110.6875
101.4375
92.8125
85.0
78.5625
73.3125
69.375
66.5
64.625
63.4375
62.8125
62.5
62.3125
62.1875
62.0
61.75
61.5
61.125
60.4375
59.6875
59.0
58.3125
57.6875
57.9375
64.0
80.625
102.5
125.3125
142.1875
146.0
139.9375
130.25
120.125
110.25
100.8125
92.0
83.9375
77.1875
71.625
67.1875
63.875
61.5
59.875
58.9375
58.4375
58.125
58.0
57.8125
57.75
57.5
57.1875
56.75
56.1875
55.5625
54.875
54.25
53.625
53.1875
55.75
68.0
87.3125
107.4375
126.1875
135.0
132.1875
123.3125
113.125
103.375
94.1875
86.0
78.5625
72.375
67.5
63.6875
60.8125
58.6875
57.375
56.5
56.125
55.875
55.75
55.5625
55.5
55.375
55.25
55.125
54.8125
54.4375
54.0625
53.6875
53.1875
53.125
57.375
72.4375
92.8125
113.625
131.375
137.75
133.6875
124.875
115.25
105.875
97.0
88.8125
81.5625
75.375
70.4375
66.625
63.875
62.0
60.6875
60.0
59.625
59.5625
59.625
59.625
59.5
59.375
59.125
58.6875
58.25
57.8125
57.3125
56.8125
57.1875
63.75
81.6875
104.625
128.6875
146.3125
150.1875
144.4375
135.375
125.875
116.5625
107.3125
98.375
89.9375
82.625
76.5625
71.5625
68.0
65.375
63.6875
62.625
62.0625
61.75
61.6875
61.6875
61.5
61.375
61.0625
60.5
59.8125
59.1875
58.5625
57.9375
58.375
65.125
83.125
105.9375
129.625
146.4375
149.4375
143.0625
133.625
123.6875
114.125
104.75
95.75
87.5625
80.5
74.625
69.9375
66.5625
64.125
62.625
61.6875
61.1875
60.9375
60.9375
60.875
60.8125
60.625
60.25
59.8125
59.3125
58.6875
57.875
57.1875
56.625
56.75
61.875
77.75
98.9375
121.0625
138.5625
143.5625
137.9375
128.3125
118.125
108.375
99.125
90.5625
82.875
76.1875
70.8125
66.625
63.5
61.25
59.6875
58.6875
57.9375
57.5625
57.25
57.0
56.75
56.5
56.0625
55.6875
55.1875
54.625
54.0
53.3125
52.6875
52.0625
51.6875
54.375
66.8125
85.875
105.625
124.25
133.25
130.6875
121.9375
111.75
101.8125
92.75
84.5
77.3125
71.1875
66.375
62.625
59.875
57.875
56.625
55.8125
55.375
55.125
54.9375
54.8125
54.6875
54.5625
54.375
54.25
54.0
53.6875
53.3125
52.9375
52.4375
51.875
51.8125
55.625
69.9375
89.3125
109.0
126.3125
132.875
128.75
119.625
109.6875
100.25
91.625
83.9375
77.375
72.0625
68.0625
65.0
62.9375
61.4375
60.625
60.1875
59.875
59.75
59.5625
59.25
58.8125
58.5
58.125
57.8125
57.375
56.9375
56.5625
56.25
56.0625
58.5
70.375
90.875
113.6875
135.5625
146.75
145.625
138.0
128.625
119.1875
109.8125
100.6875
92.0625
84.375
78.0
72.8125
68.9375
66.125
64.25
63.0
62.3125
62.0
61.8125
61.625
61.5625
61.375
61.125
60.75
60.1875
59.5625
58.875
58.3125
57.875
60.625
73.375
94.8125
118.5
140.125
150.125
147.75
139.625
130.25
120.75
111.3125
102.0
93.1875
85.4375
78.75
73.3125
69.125
66.0625
64.0625
62.8125
62.125
61.75
61.625
61.625
61.5625
61.4375
61.125
60.6875
60.0625
59.375
58.625
57.875
57.125
56.75
58.8125
70.4375
90.8125
113.375
134.625
145.3125
143.5625
135.375
125.625
115.9375
106.5
97.5
89.1875
81.75
75.5
70.4375
66.5
63.5625
61.5
60.125
59.1875
58.5625
58.125
57.875
57.5625
57.375
57.0
56.625
56.125
55.5625
54.875
54.1875
53.5
52.8125
52.5625
55.5625
68.5625
88.0
108.125
126.8125
135.3125
132.1875
123.3125
113.0625
103.1875
94.0625
85.6875
78.375
72.125
67.125
63.1875
60.375
58.25
56.875
56.0625
55.75
55.5
55.3125
55.25
55.1875
55.0625
54.875
54.8125
54.4375
54.125
53.75
53.375
52.875
52.3125
52.125
56.25
70.625
89.875
109.25
126.0
132.125
127.75
118.6875
108.9375
99.75
91.3125
83.75
77.25
72.0
67.8125
64.6875
62.5
61.125
60.375
59.6875
59.4375
59.25
59.0625
58.75
58.5
58.1875
57.9375
57.6875
57.25
56.9375
56.5625
56.1875
55.875
58.25
70.0
90.375
113.0
134.9375
146.3125
145.0
137.3125
127.875
118.3125
109.0
100.1875
91.75
84.25
77.9375
72.875
68.9375
66.0625
64.0625
62.75
62.0
61.625
61.4375
61.3125
61.25
61.0625
60.875
60.375
59.8125
59.1875
58.5
57.875
57.5
59.5625
70.875
91.5
114.6875
136.9375
148.75
147.625
139.875
130.5625
121.0
111.625
102.5
93.8125
85.9375
79.3125
73.75
69.375
66.25
64.125
62.8125
62.0625
61.6875
61.5625
61.5
61.4375
61.3125
61.0
60.5625
60.0
59.3125
58.5625
57.8125
57.125
56.75
59.25
71.3125
91.8125
114.0625
134.75
144.75
142.25
133.8125
123.75
113.75
104.125
95.125
86.8125
79.4375
73.375
68.4375
64.6875
61.875
59.9375
58.6875
58.0
57.5625
57.375
57.25
57.125
56.875
56.625
56.3125
55.875
55.3125
54.625
54.0625
53.4375
52.8125
52.8125
57.9375
73.3125
92.6875
112.4375
128.3125
132.9375
127.5
117.875
107.8125
98.3125
89.625
81.875
75.125
69.5625
65.0625
61.75
59.3125
57.5
56.4375
55.75
55.4375
55.1875
54.9375
54.8125
54.6875
54.5
54.375
54.125
53.8125
53.5
53.125
52.75
52.25
52.6875
59.3125
76.4375
96.3125
116.625
131.8125
135.3125
129.6875
120.6875
111.25
102.0
93.5
85.625
78.875
73.1875
68.75
65.4375
63.0
61.25
60.0625
59.4375
59.0625
59.0
58.875
58.9375
58.75
58.625
58.4375
58.125
57.6875
57.25
56.75
56.3125
57.5
66.8125
86.5
109.5
132.75
147.0625
148.0625
141.125
131.9375
122.5
113.25
104.25
95.5625
87.625
80.75
75.125
70.5625
67.375
65.0625
63.5
62.5625
62.125
61.9375
61.8125
61.75
61.5625
61.3125
60.875
60.3125
59.625
58.9375
58.25
57.75
59.125
69.0
89.0
112.25
135.0625
148.0625
147.75
140.0
130.25
120.5
111.0
101.75
93.0625
85.1875
78.5625
73.125
69.0
66.0
63.9375
62.625
61.8125
61.5
61.3125
61.3125
61.25
61.125
60.75
60.375
59.8125
59.125
58.375
57.5625
56.875
56.4375
58.5625
69.6875
89.3125
111.125
131.75
142.375
140.8125
132.4375
122.5625
112.6875
103.0
94.0
85.6875
78.5
72.5
67.75
64.1875
61.5625
59.75
58.5625
57.8125
57.4375
57.25
57.125
57.0
56.75
56.4375
56.0625
55.625
55.0625
54.375
53.75
53.0625
52.5625
52.75
58.8125
74.875
94.1875
113.875
129.0
132.5
126.4375
116.6875
106.5625
97.0625
88.4375
80.75
74.0625
68.5625
64.25
61.125
58.75
57.125
56.0625
55.4375
55.0625
54.875
54.75
54.625
54.5625
54.375
54.3125
54.125
53.9375
53.5625
53.1875
52.75
52.25
52.375
57.625
73.375
93.0
112.875
128.875
133.375
127.8125
118.25
108.375
99.125
90.625
82.9375
76.4375
71.125
67.125
64.1875
62.3125
61.0
60.3125
60.0
59.9375
59.8125
59.625
59.375
58.9375
58.5625
58.25
57.875
57.375
57.0
56.5625
56.25
56.5
62.3125
79.0625
101.4375
125.0625
143.1875
148.125
142.9375
134.125
124.625
115.25
106.125
97.375
89.1875
82.125
76.1875
71.5625
68.0625
65.5625
63.875
62.8125
62.1875
61.8125
61.625
61.375
61.3125
61.0
60.625
60.0625
59.5
58.875
58.375
57.875
58.5
66.375
85.375
108.75
132.5625
148.4375
150.5
144.0
134.75
125.0
115.5
106.1875
97.25
88.875
81.8125
75.9375
71.125
67.5
65.125
63.5
62.5625
62.125
61.875
61.75
61.75
61.5625
61.1875
60.875
60.3125
59.625
58.875
58.1875
57.4375
56.9375
58.375
68.3125
88.1875
110.8125
132.875
145.75
145.5625
137.6875
127.8125
117.6875
107.75
98.25
89.6875
82.0625
75.5625
70.125
65.9375
62.9375
60.875
59.625
58.8125
58.375
58.125
58.0
57.9375
57.8125
57.625
57.3125
56.75
56.0625
55.375
54.75
54.1875
53.25
52.75
55.4375
67.875
87.0
107.0625
125.625
134.3125
131.5625
122.8125
112.75
102.8125
93.625
85.3125
78.0
71.75
66.875
63.125
60.3125
58.3125
56.9375
56.125
55.6875
55.5
55.375
55.375
55.25
55.0625
54.875
54.75
54.5625
54.1875
53.8125
53.375
52.8125
52.375
54.6875
66.5
85.9375
106.125
125.5
135.6875
134.125
126.125
116.5625
106.9375
97.8125
89.5
82.0625
75.875
70.8125
67.0
64.125
62.0625
60.6875
59.875
59.4375
59.1875
59.0625
58.9375
58.875
58.6875
58.5
58.1875
57.75
57.3125
56.8125
56.375
56.0
58.6875
71.25
92.5
116.125
138.1875
148.9375
147.3125
139.375
130.0
120.4375
111.125
101.9375
93.1875
85.3125
78.6875
73.375
69.3125
66.3125
64.3125
63.125
62.375
61.9375
61.8125
61.75
61.625
61.5
61.125
60.625
60.0625
59.4375
58.8125
58.1875
57.75
59.5
70.375
90.875
114.25
136.625
148.6875
147.5625
139.625
130.0
120.1875
110.625
101.25
92.5625
84.8125
78.25
72.9375
68.8125
65.875
63.75
62.5
61.8125
61.4375
61.1875
61.0625
60.9375
60.75
60.4375
60.125
59.5625
58.875
58.3125
57.5
56.75
56.5
59.3125
71.5625
91.5
113.0
132.625
141.875
139.3125
130.6875
120.625
110.5625
100.875
92.0
83.875
76.875
71.0625
66.4375
62.9375
60.4375
58.75
57.75
57.1875
56.9375
56.8125
56.6875
56.625
56.5
56.25
55.9375
55.4375
54.8125
54.25
53.6875
53.1875
52.6875
54.0
63.1875
80.875
100.25
119.4375
131.0625
130.75
122.625
112.5
102.5
93.375
85.1875
77.9375
71.8125
66.875
63.0625
60.25
58.1875
56.9375
56.0
55.5
55.25
55.125
55.0
54.8125
54.75
54.5
54.375
54.25
53.9375
53.6875
53.5
53.4375
54.375
61.5
79.0625
100.1875
121.6875
136.9375
139.5
133.1875
123.5
113.5
103.875
94.875
86.6875
79.625
73.8125
69.1875
65.8125
63.375
61.6875
60.5625
60.0625
59.75
59.5625
59.4375
59.25
58.9375
58.6875
58.375
58.0
57.625
57.125
56.6875
56.25
58.1875
68.8125
89.4375
113.1875
136.3125
149.625
149.625
142.3125
133.25
123.875
114.3125
105.0
95.9375
87.625
80.5625
74.8125
70.3125
66.9375
64.625
63.125
62.25
61.875
61.6875
61.5625
61.4375
61.25
60.9375
60.5
59.9375
59.3125
58.625
58.0625
57.4375
58.0625
65.375
83.75
106.75
130.1875
146.1875
148.75
142.3125
132.8125
123.0
113.5
104.125
95.0625
86.875
79.875
74.0625
69.5625
66.25
63.9375
62.5625
61.6875
61.375
61.1875
61.0625
61.0
60.9375
60.75
60.375
59.8125
59.1875
58.5
57.875
57.1875
56.5625
57.6875
66.625
85.3125
107.0
128.4375
141.4375
141.625
133.9375
123.875
113.8125
104.25
95.25
86.875
79.5625
73.4375
68.5
64.8125
62.0
60.0625
58.625
57.8125
57.3125
57.125
57.0
56.875
56.6875
56.4375
56.0625
55.625
55.1875
54.5
53.75
53.0625
52.5625
52.6875
58.1875
73.75
93.0
112.9375
128.875
133.4375
127.875
118.125
107.75
98.0
89.25
81.4375
74.5625
69.0
64.625
61.375
59.0625
57.375
56.25
55.5625
55.1875
55.0
54.9375
54.8125
54.625
54.4375
54.1875
54.0625
53.875
53.625
53.1875
52.625
52.1875
53.5
62.25
80.25
100.0
119.875
132.6875
133.5
126.125
116.375
106.875
98.125
90.0625
82.8125
76.625
71.4375
67.4375
64.5
62.4375
60.875
59.8125
59.0625
58.6875
58.5625
58.375
58.25
58.0
57.8125
57.6875
57.5
57.0625
56.5
56.0
55.75
58.375
70.6875
91.75
115.0625
137.125
148.0625
146.4375
138.5
128.9375
119.25
109.9375
101.0
92.5
84.875
78.375
73.125
69.125
66.25
64.25
62.9375
62.1875
61.875
61.6875
61.6875
61.5
61.25
61.0
60.5625
60.0
59.25
58.5625
57.8125
57.75
62.1875
77.4375
99.75
123.625
143.25
149.9375
145.4375
136.5625
126.875
117.25
107.875
98.6875
90.1875
82.625
76.4375
71.5625
67.75
65.0625
63.25
62.125
61.5625
61.375
61.3125
61.3125
61.25
60.9375
60.6875
60.25
59.5625
58.875
58.1875
57.5625
57.0
58.0625
66.875
85.5625
107.5
129.25
142.625
143.125
135.75
126.0
116.125
106.5
97.25
88.75
81.375
75.25
70.3125
66.5625
63.75
61.875
60.6875
60.0625
59.8125
59.625
59.5625
59.4375
59.3125
59.125
58.8125
58.25
57.6875
57.0625
56.375
55.875
55.6875
58.5625
71.0
90.625
111.75
131.0625
139.6875
136.5
127.375
117.0
106.8125
97.1875
88.4375
80.6875
74.125
68.8125
64.6875
61.5
59.375
57.875
57.0625
56.5625
56.1875
56.1875
56.125
56.0
55.875
55.6875
55.3125
54.875
54.3125
53.6875
53.0625
52.625
52.3125
55.75
69.1875
88.3125
108.1875
125.875
133.25
129.5
120.3125
110.125
100.375
91.3125
83.1875
76.0
70.1875
65.5625
62.0
59.375
57.5
56.3125
55.6875
55.375
55.1875
55.1875
55.125
55.1875
55.0625
54.875
54.75
54.375
54.0625
53.6875
53.25
52.8125
55.0625
66.9375
86.625
107.125
126.5625
136.375
134.375
125.875
115.875
106.1875
97.0625
88.75
81.25
75.0625
70.0
66.375
63.875
62.125
61.125
60.625
60.5625
60.6875
60.8125
60.875
60.6875
60.3125
59.8125
59.1875
58.6875
58.1875
57.6875
57.25
57.6875
65.0
83.375
106.5
130.6875
147.375
150.3125
144.375
135.5
126.125
116.5625
107.125
97.875
89.4375
82.5
76.625
72.0
68.375
65.875
64.1875
63.25
62.8125
62.5625
62.4375
62.25
62.0625
61.8125
61.4375
60.8125
60.25
59.6875
59.125
59.125
64.625
81.6875
105.375
130.375
149.3125
154.1875
148.6875
139.625
130.0
120.375
110.9375
101.75
92.9375
85.3125
78.75
73.375
69.375
66.5625
64.8125
63.625
63.0
62.75
62.6875
62.625
62.5625
62.25
61.875
61.25
60.5625
59.6875
58.9375
58.3125
57.6875
59.875
71.5625
92.875
116.6875
138.8125
149.9375
147.8125
139.4375
129.625
119.5625
109.6875
100.3125
91.625
83.875
77.3125
71.9375
67.9375
64.9375
62.75
61.3125
60.3125
59.75
59.3125
59.0
58.875
58.5625
58.3125
57.875
57.3125
56.75
56.125
55.375
54.625
54.0625
55.9375
66.6875
86.25
107.6875
128.0625
139.125
137.5625
129.0625
118.75
108.625
99.0
90.125
82.1875
75.3125
69.8125
65.4375
62.1875
59.8125
58.3125
57.4375
57.0
56.75
56.6875
56.6875
56.6875
56.6875
56.5
56.3125
56.0625
55.6875
55.25
54.75
54.1875
53.8125
56.1875
68.0625
87.625
108.125
127.0
136.0
133.125
124.0625
114.0
104.3125
95.4375
87.3125
80.3125
74.4375
69.875
66.4375
64.0625
62.5625
61.5625
61.0
60.75
60.5
60.375
60.1875
59.8125
59.375
59.0625
58.625
58.1875
57.8125
57.4375
56.9375
56.875
60.5
75.0
97.0625
121.625
142.8125
151.0
147.4375
138.8125
129.0625
119.375
109.9375
100.8125
92.1875
84.5625
78.1875
73.0625
69.1875
66.5
64.6875
63.5625
63.0
62.6875
62.5625
62.4375
62.25
62.0625
61.6875
61.25
60.5625
59.875
59.3125
58.75
59.0
65.3125
83.0625
106.9375
131.9375
150.0
153.75
147.5625
138.25
128.5
118.875
109.25
100.0
91.5
84.0625
77.8125
72.8125
69.0625
66.3125
64.625
63.5625
63.0
62.75
62.75
62.625
62.5
62.25
61.875
61.25
60.5625
59.75
59.0
58.25
57.6875
58.6875
67.75
87.5
111.125
134.3125
148.3125
148.4375
140.8125
130.8125
120.75
110.875
101.3125
92.3125
84.3125
77.4375
71.875
67.4375
64.1875
61.875
60.375
59.5625
59.0
58.8125
58.625
58.625
58.4375
58.25
57.875
57.375
56.8125
56.125
55.375
54.6875
54.0625
53.6875
57.0
70.625
90.8125
111.875
130.625
138.3125
134.5
125.3125
115.0
105.0625
95.75
87.25
79.6875
73.3125
68.1875
64.25
61.3125
59.1875
57.75
57.0
56.5625
56.3125
56.1875
56.125
56.125
55.9375
55.875
55.75
55.5
55.1875
54.8125
54.375
53.875
53.75
57.875
72.625
92.9375
113.9375
131.5
137.6875
133.1875
124.0625
114.5625
105.5625
97.125
89.125
81.9375
75.8125
70.9375
67.25
64.5625
62.5625
61.3125
60.4375
59.9375
59.75
59.625
59.5625
59.4375
59.25
59.0625
58.6875
58.3125
57.9375
57.375
57.0
57.1875
62.125
78.5
101.5
125.9375
145.4375
151.5625
146.8125
138.1875
128.75
119.3125
109.9375
100.875
92.375
84.6875
78.1875
73.0
69.125
66.25
64.4375
63.25
62.6875
62.4375
62.4375
62.5625
62.4375
62.1875
61.8125
61.3125
60.625
60.0
59.1875
58.625
58.4375
62.9375
78.875
102.0
126.75
146.5625
152.8125
147.9375
139.0
129.3125
119.6875
110.1875
101.0625
92.4375
84.8125
78.3125
73.0
68.9375
66.125
64.3125
63.25
62.6875
62.3125
62.125
61.9375
61.875
61.75
61.5
60.9375
60.5
59.75
58.875
58.25
57.625
57.625
62.5625
78.5625
100.75
124.125
142.5
147.8125
142.4375
133.125
123.0
113.1875
103.75
94.6875
86.5625
79.3125
73.375
68.5
64.75
62.5625
60.8125
59.375
59.0
58.8125
58.5
58.3125
58.125
57.9375
57.5625
57.0625
56.625
56.0
55.3125
54.5625
53.9375
53.375
54.375
63.3125
82.125
103.1875
124.0625
137.0
137.3125
129.5
119.4375
109.4375
99.9375
91.0625
83.0625
76.3125
70.5
66.0
62.5625
60.0
58.25
57.25
56.5625
56.1875
56.0625
55.9375
55.8125
55.8125
55.75
55.5625
55.375
55.1875
54.8125
54.3125
53.875
53.5
54.875
64.75
84.3125
105.5625
126.125
138.125
137.875
130.625
121.375
112.0625
103.125
94.625
86.75
79.9375
74.1875
69.8125
66.5
64.125
62.5
61.3125
60.75
60.4375
60.3125
60.1875
60.0625
59.875
59.625
59.3125
58.9375
58.5
58.0
57.5
57.125
59.4375
71.5625
93.375
118.0
140.9375
152.1875
150.4375
142.5
133.125
123.875
114.625
105.5625
96.6875
88.5
81.5
75.75
71.25
67.9375
65.625
64.125
63.3125
62.875
62.8125
62.75
62.6875
62.5
62.1875
61.6875
60.9375
60.1875
59.5
58.8125
58.375
61.1875
74.25
96.3125
120.75
142.5
152.1875
149.1875
140.6875
131.125
121.5
112.0
102.75
94.0625
86.25
79.5
74.125
69.875
66.875
64.75
63.5
62.625
62.25
62.0625
62.0
61.9375
61.6875
61.3125
60.8125
60.25
59.5
58.75
58.0
57.375
57.3125
62.0
77.625
99.625
123.0
141.5
147.1875
141.8125
132.3125
122.0625
112.0625
102.5
93.5
85.125
78.0
72.25
67.625
64.125
61.625
60.0625
59.0
58.4375
58.25
58.1875
58.0625
57.875
57.625
57.25
56.8125
56.25
55.625
54.9375
54.3125
53.5625
53.0
53.5625
61.1875
78.9375
99.375
119.9375
134.0
135.5625
128.25
118.125
108.0625
98.5625
89.75
81.875
75.125
69.5
65.125
61.875
59.4375
57.75
56.8125
56.25
55.875
55.75
55.6875
55.5
55.5
55.3125
55.25
55.125
54.8125
54.5
54.0625
53.625
53.25
54.9375
65.6875
85.875
107.9375
129.5
141.4375
140.1875
131.8125
121.5625
111.375
101.8125
93.125
85.3125
78.625
73.0625
68.8125
65.75
63.6875
62.25
61.375
60.875
60.5625
60.5
60.375
60.125
59.8125
59.5
59.0625
58.5625
57.9375
57.4375
56.9375
56.625
59.0
71.1875
92.75
117.1875
140.1875
151.625
150.0625
142.25
132.9375
123.5
114.0
104.75
95.9375
87.9375
81.0625
75.3125
70.9375
67.75
65.5
64.0625
63.1875
62.8125
62.625
62.5
62.375
62.25
61.875
61.375
60.75
59.9375
59.1875
58.5625
57.9375
58.875
67.8125
87.5625
111.4375
135.25
149.75
150.625
143.3125
133.6875
123.875
114.3125
104.875
95.8125
87.5
80.375
74.4375
69.8125
66.5
64.3125
63.0
62.25
61.875
61.6875
61.6875
61.5625
61.375
61.0
60.5625
60.0
59.375
58.5625
57.75
57.125
56.5
57.125
64.625
82.5625
104.375
126.5
141.375
143.25
136.5625
127.0
116.9375
107.125
97.75
88.9375
81.1875
74.5625
69.1875
65.0625
61.9375
59.6875
58.375
57.625
57.25
57.0625
57.0625
57.0
56.875
56.75
56.375
56.0
55.4375
54.875
54.25
53.625
53.0
52.625
55.75
68.6875
88.125
108.25
126.5
134.375
130.875
121.6875
111.4375
101.6875
92.625
84.4375
77.1875
71.1875
66.3125
62.6875
59.9375
58.0
56.6875
55.875
55.4375
55.25
55.1875
55.0625
54.875
54.75
54.6875
54.5
54.3125
54.0
53.6875
53.1875
52.6875
53.375
61.1875
79.5
100.6875
122.25
137.25
139.625
133.25
123.75
113.8125
104.375
95.375
87.3125
80.125
74.1875
69.5
66.0
63.5625
61.75
60.6875
60.0625
59.75
59.5625
59.5
59.5625
59.375
59.25
58.875
58.5
58.0
57.5625
56.9375
56.6875
59.5
72.5625
94.5625
119.125
141.4375
151.6875
149.25
141.125
131.625
122.0625
112.625
103.1875
94.375
86.375
79.5625
74.0625
69.875
66.8125
64.75
63.5
62.875
62.5
62.375
62.3125
62.1875
62.0625
61.625
61.125
60.4375
59.6875
59.0
58.25
57.875
61.0625
74.6875
96.6875
120.875
141.875
150.6875
147.1875
138.5625
128.875
119.125
109.5625
100.3125
91.625
83.875
77.4375
72.25
68.25
65.375
63.5625
62.375
61.75
61.5
61.375
61.25
61.0625
60.9375
60.5625
60.1875
59.5625
58.875
58.125
57.375
56.6875
56.75
61.5625
77.0
98.4375
121.125
139.1875
144.625
139.1875
129.5
119.25
109.25
99.8125
90.875
82.8125
75.875
70.25
65.9375
62.625
60.25
58.625
57.75
57.1875
57.0
56.9375
56.875
56.75
56.5625
56.1875
55.75
55.25
54.5625
54.0
53.4375
52.875
52.5
54.625
65.875
84.625
104.4375
123.1875
132.8125
130.9375
122.375
112.25
102.4375
93.3125
85.0
77.5625
71.375
66.375
62.5625
59.6875
57.625
56.25
55.4375
55.0
54.75
54.625
54.5625
54.5625
54.4375
54.3125
54.1875
54.0
53.75
53.4375
53.0
52.5
52.875
59.3125
76.5
97.0
118.0625
134.0625
137.9375
132.4375
123.3125
113.375
103.875
94.9375
86.8125
79.6875
73.75
69.125
65.625
63.0625
61.3125
60.125
59.5625
59.1875
59.1875
59.125
59.0625
58.9375
59.0625
58.8125
58.375
57.9375
57.5
56.9375
56.625
58.8125
70.3125
91.375
115.375
138.0
149.6875
148.5
140.8125
131.625
122.25
112.875
103.625
94.6875
86.5625
79.6875
74.125
69.6875
66.5
64.375
63.0625
62.3125
61.9375
61.875
61.875
61.8125
61.625
61.1875
60.75
60.0625
59.25
58.5625
57.8125
57.5
60.5625
74.0
95.875
120.125
141.4375
150.4375
147.1875
138.9375
129.25
119.4375
109.875
100.5
91.6875
83.875
77.25
72.0
68.0625
65.1875
63.3125
62.3125
61.6875
61.375
61.25
61.25
61.125
61.0
60.625
60.1875
59.5625
58.9375
58.1875
57.375
56.8125
57.0625
63.0625
79.5
101.125
123.5
140.125
143.8125
137.75
128.0625
117.875
107.9375
98.4375
89.6875
81.875
75.1875
69.6875
65.5
62.3125
60.0625
58.5625
57.625
57.125
56.9375
56.8125
56.75
56.625
56.4375
56.125
55.75
55.25
54.625
54.0
53.375
52.6875
52.4375
55.625
68.75
88.125
108.1875
126.1875
133.875
130.25
121.0
110.75
100.875
91.75
83.5
76.4375
70.4375
65.6875
62.0625
59.375
57.4375
56.25
55.5
55.125
54.875
54.75
54.625
54.5
54.375
54.1875
54.0625
53.75
53.4375
53.0625
52.625
52.125
52.25
57.25
72.8125
92.75
113.0625
129.4375
134.5
129.5
120.375
110.75
101.625
93.25
85.625
78.875
73.25
68.8125
65.6875
63.375
61.6875
60.5625
59.875
59.25
59.0
58.75
58.5
58.3125
58.1875
57.9375
57.5625
57.1875
56.875
56.5
56.125
57.0
65.125
84.1875
107.5625
131.3125
146.8125
148.875
142.4375
133.3125
123.9375
114.5625
105.375
96.5
88.25
81.0625
75.1875
70.5625
67.125
64.75
63.1875
62.25
61.8125
61.625
61.5625
61.5
61.3125
61.0625
60.625
60.0625
59.4375
58.6875
58.0
57.5
59.4375
70.625
91.75
115.6875
138.1875
149.75
148.5625
140.6875
131.125
121.5625
112.125
102.875
94.125
86.0625
79.1875
73.6875
69.25
66.0
63.75
62.4375
61.5625
61.25
61.125
61.125
61.0625
60.9375
60.625
60.1875
59.5625
58.875
58.0625
57.3125
56.75
56.5
60.5625
75.25
96.8125
119.8125
139.0625
145.9375
141.4375
132.3125
122.3125
112.4375
102.8125
93.8125
85.625
78.75
73.0625
68.5625
65.1875
62.6875
61.0
59.8125
59.0625
58.5
58.0625
57.75
57.4375
57.0625
56.5625
56.125
55.5625
54.875
54.125
53.5
52.8125
52.25
54.0625
64.6875
83.4375
103.625
123.25
134.25
133.375
125.5
115.5625
105.625
96.1875
87.375
79.5625
72.8125
67.4375
63.1875
60.0625
57.75
56.3125
55.4375
55.0625
54.875
54.8125
54.75
54.6875
54.6875
54.5
54.3125
54.0
53.6875
53.25
52.75
52.25
51.8125
53.625
64.1875
82.625
102.125
120.875
131.0625
129.8125
121.5625
111.5625
101.875
92.9375
84.625
77.375
71.25
66.25
62.5
59.6875
57.75
56.4375
55.875
55.6875
55.875
56.375
56.9375
57.5625
58.125
58.6875
58.875
59.0
58.75
58.1875
57.5625
57.0625
59.9375
72.5625
92.8125
115.0
134.875
143.75
141.3125
133.125
123.75
114.5
105.25
96.3125
88.125
80.9375
74.875
70.125
66.625
64.1875
62.5
61.4375
60.8125
60.6875
60.5625
60.5625
60.4375
60.3125
60.0
59.4375
58.8125
58.25
57.6875
57.1875
58.875
69.5625
90.5
114.625
137.9375
150.75
150.4375
143.0
133.625
124.0625
114.6875
105.5
96.625
88.4375
81.375
75.4375
70.6875
67.25
64.875
63.25
62.375
61.9375
61.75
61.5625
61.5625
61.4375
61.0625
60.625
60.0625
59.3125
58.5
57.8125
57.0
57.0
61.8125
77.625
99.875
123.5
142.4375
148.5
143.5625
134.5
124.5625
114.8125
105.25
96.25
87.875
80.75
74.75
69.9375
66.3125
63.625
61.8125
60.6875
59.9375
59.375
59.0
58.6875
58.25
57.8125
57.3125
56.6875
56.0
55.375
54.5625
53.8125
53.0625
52.875
56.75
71.0
91.3125
112.3125
130.5
137.5
133.4375
124.25
114.1875
104.375
95.0625
86.4375
78.875
72.375
67.1875
63.1875
60.125
58.0625
56.625
55.9375
55.5
55.375
55.3125
55.3125
55.3125
55.25
55.0625
54.9375
54.625
54.125
53.6875
53.0625
52.5
52.375
56.375
70.25
89.4375
108.9375
125.4375
131.5
127.0625
117.75
107.8125
98.625
90.1875
82.75
76.4375
71.3125
67.25
64.3125
62.25
60.9375
60.0
59.375
59.0
58.625
58.3125
58.0
57.625
57.3125
57.125
56.75
56.3125
55.9375
55.625
55.25
55.75
62.25
79.4375
101.375
124.5
141.9375
146.6875
141.3125
132.1875
122.5625
112.875
103.5
94.6875
86.625
79.8125
74.125
69.75
66.5
64.1875
62.625
61.6875
61.0625
60.75
60.625
60.5625
60.375
60.0625
59.75
59.25
58.625
58.0
57.5
57.0
58.125
67.375
87.0625
110.3125
133.5
147.6875
148.375
141.3125
131.875
122.3125
112.8125
103.5625
94.5625
86.5
79.6875
73.9375
69.4375
66.1875
63.875
62.3125
61.5
61.0
60.8125
60.6875
60.6875
60.5
60.25
59.875
59.3125
58.625
57.9375
57.3125
56.5625
56.3125
59.0
71.5625
92.3125
115.0625
135.75
145.375
142.8125
134.1875
124.125
114.1875
104.6875
95.5625
87.25
79.9375
73.8125
68.8125
65.125
62.375
60.375
59.125
58.25
57.6875
57.375
57.1875
57.0625
56.9375
56.5625
56.1875
55.6875
55.0625
54.4375
53.6875
53.125
52.4375
53.75
63.0
81.1875
101.0625
121.0
133.375
133.6875
126.0
115.9375
105.9375
96.4375
87.75
80.0
73.3125
67.875
63.6875
60.5
58.125
56.6875
55.6875
55.125
54.9375
54.875
54.875
54.875
54.75
54.625
54.4375
54.1875
53.8125
53.4375
53.0625
52.5
52.0625
54.25
65.6875
84.5625
104.375
123.0
132.5625
130.5
122.0
112.0
102.3125
93.4375
85.375
78.375
72.75
68.3125
65.0625
62.75
61.125
60.1875
59.75
59.3125
59.0625
59.0
58.75
58.4375
58.125
57.75
57.375
56.9375
56.5625
56.125
55.8125
55.9375
60.75
76.1875
98.0625
121.4375
140.5
146.9375
142.5625
133.875
124.3125
114.875
105.5625
96.6875
88.375
81.1875
75.125
70.375
66.875
64.375
62.75
61.75
61.3125
61.0
60.9375
60.9375
60.9375
60.75
60.4375
59.9375
59.3125
58.75
58.0625
57.5625
58.875
68.75
88.6875
112.375
135.4375
148.6875
148.5
141.0625
131.75
122.25
112.75
103.4375
94.5625
86.4375
79.5
73.6875
69.25
66.0
63.75
62.4375
61.625
61.1875
61.0625
61.0
60.875
60.8125
60.5
60.0625
59.4375
58.75
58.0
57.25
56.5
56.5625
61.25
76.625
98.1875
121.1875
139.6875
145.4375
140.3125
130.75
120.6875
110.8125
101.3125
92.25
84.0
77.0
71.125
66.4375
63.0
60.5625
58.8125
57.9375
57.375
57.0625
56.9375
56.9375
56.8125
56.625
56.3125
55.875
55.3125
54.625
54.0625
53.375
52.75
52.4375
55.875
69.25
88.625
108.875
126.9375
134.3125
130.5
121.3125
111.0
101.1875
92.125
84.0
76.8125
70.8125
66.0625
62.375
59.625
57.625
56.375
55.5625
55.125
54.8125
54.75
54.625
54.5
54.375
54.25
54.125
53.8125
53.5
53.125
52.75
52.1875
53.0
60.75
78.625
99.0625
120.0
134.5625
136.75
130.125
120.5
110.6875
101.3125
92.625
84.75
78.0625
72.4375
68.0625
64.75
62.375
60.6875
59.6875
59.125
58.75
58.6875
58.625
58.5625
58.375
58.3125
58.1875
57.5625
57.0625
56.625
56.1875
55.9375
59.0
72.375
94.125
118.1875
139.9375
149.6875
147.1875
139.0
129.625
120.0625
110.5625
101.3125
92.4375
84.5
77.875
72.5625
68.5
65.5625
63.6875
62.625
61.9375
61.6875
61.5625
61.625
61.5625
61.3125
60.9375
60.3125
59.6875
58.875
58.1875
57.5
57.375
61.5625
76.625
98.9375
122.9375
142.75
149.5625
145.1875
136.375
126.625
117.0
107.5
98.25
89.6875
82.1875
76.0
71.0625
67.3125
64.625
62.8125
61.8125
61.1875
60.875
60.75
60.6875
60.5
60.375
60.0
59.5
59.0
58.25
57.5
56.8125
56.25
56.4375
62.3125
78.6875
100.125
122.5625
139.75
143.875
137.6875
127.8125
117.4375
107.4375
97.875
89.125
81.1875
74.625
69.1875
65.0
61.875
59.6875
58.25
57.3125
56.875
56.6875
56.5625
56.375
56.3125
56.0625
55.6875
55.3125
54.75
54.0625
53.5625
53.0
52.375
51.875
53.1875
62.4375
80.375
100.0625
119.625
131.625
131.75
124.0
113.8125
103.75
94.5
86.0
78.5625
72.3125
67.1875
63.1875
60.25
57.9375
56.4375
55.5625
55.0
54.75
54.5
54.375
54.1875
54.125
54.0
53.875
53.625
53.375
53.0
52.625
52.1875
51.75
53.5
64.125
83.4375
104.0625
124.1875
135.625
135.125
127.6875
118.4375
109.0625
100.0625
91.6875
84.0625
77.4375
72.0625
67.875
64.75
62.5
60.875
59.875
59.1875
58.9375
58.8125
58.75
58.625
58.5
58.375
58.0625
57.6875
57.1875
56.6875
56.375
56.0625
58.125
69.6875
90.5625
114.4375
137.25
149.125
148.0625
140.4375
131.1875
121.6875
112.5
103.375
94.5625
86.5
79.625
74.0
69.625
66.5
64.375
63.0
62.25
61.875
61.6875
61.6875
61.5625
61.5
61.125
60.6875
60.0625
59.3125
58.625
57.875
57.4375
59.0625
69.75
90.25
113.875
136.5
148.875
148.1875
140.625
131.1875
121.4375
111.875
102.5625
93.75
85.8125
79.125
73.5625
69.25
66.125
64.0625
62.625
61.875
61.5
61.1875
61.0
60.8125
60.5
60.125
59.6875
59.0625
58.4375
57.6875
57.0
56.3125
56.0625
58.5
70.3125
90.5
112.9375
133.6875
143.8125
141.75
133.1875
123.125
112.9375
103.1875
93.9375
85.6875
78.375
72.3125
67.375
63.625
61.0
59.125
58.0
57.3125
56.9375
56.75
56.6875
56.625
56.4375
56.1875
55.8125
55.375
54.8125
54.25
53.5625
53.0
52.3125
52.4375
57.75
73.375
93.1875
113.375
129.375
133.8125
128.25
118.625
108.5
98.8125
90.0625
82.125
75.25
69.4375
64.9375
61.625
59.0625
57.375
56.25
55.625
55.1875
55.0
54.8125
54.6875
54.5625
54.4375
54.25
53.9375
53.6875
53.375
53.0625
52.625
52.125
52.75
59.75
77.0
97.25
117.6875
132.5
135.25
128.9375
119.625
110.375
101.75
93.5625
86.0
79.125
73.5
69.0
65.75
63.3125
61.5
60.25
59.625
59.125
58.875
58.8125
58.625
58.5625
58.3125
58.0625
57.625
57.1875
56.875
56.4375
56.0625
57.625
67.6875
87.875
111.4375
134.625
148.1875
148.5625
141.75
132.625
123.25
113.875
104.625
95.625
87.375
80.375
74.5625
70.125
66.875
64.625
63.125
62.3125
62.0
61.8125
61.6875
61.625
61.5625
61.1875
60.75
60.1875
59.5
58.75
58.125
57.75
60.125
72.25
93.625
117.4375
139.375
149.9375
147.875
139.9375
130.375
120.6875
111.1875
102.0625
93.25
85.375
78.625
73.125
68.9375
65.875
63.8125
62.5625
61.8125
61.4375
61.25
61.1875
61.125
60.9375
60.625
60.1875
59.5625
58.875
58.125
57.4375
56.6875
56.5625
60.5
75.125
96.8125
120.0
139.5
146.5
142.0
132.625
122.3125
112.1875
102.5625
93.4375
85.1875
78.0
72.0625
67.25
63.625
61.0625
59.375
58.25
57.625
57.375
57.125
57.125
57.0
56.8125
56.5625
56.1875
55.6875
55.125
54.5
53.8125
53.125
52.625
53.5
61.625
79.3125
99.25
119.4375
132.8125
134.0625
126.6875
116.75
106.8125
97.375
88.75
80.9375
74.1875
68.6875
64.375
61.1875
58.875
57.1875
56.1875
55.625
55.3125
55.125
55.0
54.8125
54.75
54.6875
54.5
54.4375
54.125
53.8125
53.4375
53.0
52.5
53.25
61.125
79.1875
100.1875
121.5625
136.5
138.6875
131.9375
122.125
112.0
102.4375
93.625
85.625
78.625
72.9375
68.4375
65.1875
62.8125
61.25
60.25
59.75
59.5
59.3125
59.25
59.1875
59.0
58.8125
58.4375
58.0
57.5625
57.0625
56.6875
56.125
56.8125
64.125
82.5625
105.8125
130.0625
147.1875
150.375
144.3125
135.3125
125.8125
116.375
107.125
98.125
89.75
82.4375
76.4375
71.625
68.0
65.5
63.75
62.75
62.125
61.8125
61.6875
61.5625
61.4375
61.1875
60.75
60.25
59.5625
58.875
58.25
57.625
57.5625
62.1875
77.75
100.125
124.375
144.0
150.5625
145.9375
137.125
127.375
117.75
108.25
99.0
90.5
82.9375
76.75
71.6875
67.875
65.125
63.3125
62.1875
61.5625
61.1875
61.0
60.875
60.75
60.5625
60.125
59.75
59.125
58.4375
57.8125
57.125
56.5625
56.5
60.9375
75.9375
97.5
120.4375
139.25
145.5625
140.9375
131.75
121.6875
111.75
102.125
93.125
84.9375
77.9375
72.0625
67.4375
63.9375
61.4375
59.6875
58.5
57.875
57.5
57.25
57.0625
56.875
56.6875
56.375
55.9375
55.5625
54.875
54.375
53.6875
53.0625
52.625
54.375
64.9375
83.875
104.375
124.375
135.4375
134.375
126.25
116.125
106.125
96.5625
87.9375
80.1875
73.5625
68.1875
64.125
61.0
58.625
57.125
56.1875
55.6875
55.4375
55.375
55.25
55.1875
55.1875
55.0
54.8125
54.625
54.3125
53.9375
53.5625
53.0
52.75
55.625
68.625
88.5625
109.375
128.25
136.5
133.1875
124.375
114.625
105.1875
96.4375
88.3125
81.0625
75.0
70.125
66.5
63.875
62.125
61.0
60.375
60.0
59.8125
59.625
59.375
59.0
58.75
58.4375
58.0625
57.6875
57.3125
56.9375
56.5625
56.5625
61.375
77.4375
99.9375
124.25
144.1875
150.8125
146.375
137.75
128.25
118.75
109.5
100.375
91.75
84.125
77.75
72.5625
68.75
66.0
64.125
63.0
62.375
62.0625
62.0
61.9375
61.8125
61.5625
61.1875
60.6875
60.0625
59.375
58.6875
58.1875
58.8125
66.5625
85.4375
109.25
133.4375
149.5
151.625
145.0
136.0
126.375
116.9375
107.5625
98.5625
90.0625
82.6875
76.5
71.625
67.9375
65.3125
63.6875
62.6875
62.1875
61.875
61.75
61.625
61.5
61.125
60.6875
60.125
59.375
58.625
57.8125
57.125
56.5
57.6875
67.0
86.875
110.125
133.3125
147.375
147.875
140.4375
130.9375
121.125
111.3125
101.875
92.875
84.9375
78.1875
72.75
68.5
65.375
63.1875
61.6875
60.6875
60.0625
59.625
59.1875
58.75
58.3125
57.8125
57.1875
56.5625
55.875
55.125
54.4375
53.6875
52.9375
52.6875
56.8125
71.4375
91.875
113.375
132.125
139.0
134.8125
125.6875
115.5625
105.625
96.25
87.5
79.75
73.1875
67.9375
63.9375
60.8125
58.6875
57.25
56.4375
56.0
55.8125
55.75
55.625
55.6875
55.75
55.9375
56.0625
56.125
56.25
57.0625
58.5
59.9375
60.9375
61.1875
60.375
58.4375
56.125
53.625
51.4375
49.4375
47.8125
46.5
45.6875
45.0625
44.625
44.375
44.0625
43.9375
43.9375
44.0
44.125
44.375
44.6875
45.0625
45.5
46.0
46.25
46.375
46.3125
46.0625
45.8125
45.375
44.9375
44.5
44.0625
43.75
43.5625
45.75
57.4375
76.1875
95.5625
116.8125
130.4375
132.25
126.0625
116.4375
106.3125
96.8125
88.125
80.5625
74.375
69.375
65.5625
62.8125
60.875
59.5
58.6875
58.125
57.8125
57.5
57.3125
57.125
56.9375
56.6875
56.3125
55.9375
55.5
55.0625
54.6875
54.4375
55.9375
65.5
84.5
106.6875
128.8125
142.5625
143.9375
137.75
129.125
120.125
111.125
102.25
93.8125
85.875
79.125
73.4375
68.9375
65.625
63.3125
61.6875
60.75
60.25
60.0
59.9375
59.875
59.8125
59.5
59.1875
58.6875
58.0
57.25
56.5625
55.875
55.75
60.0
74.875
96.625
119.8125
139.3125
146.375
142.4375
134.0625
124.8125
115.5625
106.3125
97.4375
89.0625
81.625
75.3125
70.1875
66.0625
63.0
60.75
59.25
58.3125
57.6875
57.1875
56.9375
56.8125
56.5625
56.25
55.8125
55.3125
54.625
54.0
53.3125
52.5625
51.9375
53.375
63.0625
81.375
101.1875
120.75
132.8125
133.375
126.5625
117.25
107.75
98.625
90.125
82.25
75.25
69.5625
64.9375
61.4375
58.8125
56.9375
55.875
55.3125
54.9375
54.875
54.8125
54.8125
54.75
54.5625
54.375
54.0625
53.75
53.1875
52.6875
52.125
51.8125
54.4375
66.875
86.0625
105.9375
124.3125
133.125
131.0
122.9375
113.5
104.3125
95.8125
88.0625
81.125
75.0
70.0625
66.25
63.5
61.625
60.25
59.4375
58.8125
58.5
58.3125
58.125
57.8125
57.6875
57.4375
57.0625
56.6875
56.375
56.0
55.6875
55.8125
60.6875
76.25
97.5
120.125
138.6875
145.125
141.1875
133.0
123.875
114.75
105.9375
97.25
89.125
82.0625
76.0625
71.1875
67.5
64.8125
62.9375
61.6875
60.9375
60.625
60.4375
60.3125
60.1875
60.0
59.625
59.25
58.625
58.0625
57.5
57.0
58.125
67.0
86.5625
109.9375
132.9375
147.125
148.0
141.125
132.0625
122.625
113.375
104.125
95.3125
87.3125
80.4375
74.5625
69.9375
66.625
64.125
62.5625
61.6875
61.1875
60.9375
60.875
60.75
60.5625
60.25
59.8125
59.3125
58.5625
57.8125
57.0625
56.375
56.0
58.875
71.6875
92.25
114.6875
135.0625
144.1875
141.3125
132.75
122.875
113.125
103.6875
94.9375
86.75
79.5625
73.5
68.6875
64.9375
62.1875
60.25
58.9375
58.0625
57.4375
57.125
56.9375
56.75
56.5625
56.3125
55.9375
55.4375
54.875
54.25
53.625
52.9375
52.4375
53.375
61.9375
79.875
99.6875
119.5
132.5625
133.625
126.4375
116.5625
106.625
97.25
88.625
80.8125
74.0625
68.625
64.25
61.0625
58.5625
56.875
55.9375
55.3125
55.0625
54.875
54.75
54.6875
54.625
54.5
54.3125
54.0625
53.75
53.375
52.9375
52.4375
51.9375
53.0625
61.75
79.5
98.875
118.1875
130.5625
131.3125
123.9375
114.3125
104.625
95.75
87.5625
80.25
74.0
69.0625
65.4375
62.75
60.875
59.75
59.3125
59.0625
58.875
58.75
58.625
58.375
58.0625
57.75
57.3125
56.9375
56.5
56.125
55.75
55.4375
56.8125
66.1875
85.5625
108.3125
131.125
145.1875
146.375
139.25
129.875
120.375
111.125
102.0
93.375
85.4375
78.625
73.125
69.0
65.875
63.625
62.375
61.4375
61.0625
60.875
60.8125
60.6875
60.5
60.25
59.875
59.3125
58.6875
58.0625
57.375
56.9375
58.1875
67.5625
87.25
110.625
133.8125
147.6875
148.125
141.0
131.6875
122.1875
112.875
103.6875
94.875
86.75
79.8125
74.0
69.4375
66.0625
63.75
62.25
61.375
60.9375
60.8125
60.75
60.5625
60.5
60.3125
59.875
59.25
58.5625
57.8125
57.0
56.375
55.75
56.75
65.5
84.625
107.0625
129.75
144.0
145.0
137.75
128.125
118.1875
108.5625
99.3125
90.375
82.5625
76.0
70.625
66.25
63.125
60.75
59.125
58.125
57.5
57.125
56.875
56.75
56.5
56.25
55.875
55.5
54.875
54.25
53.5625
53.0
52.375
52.0625
54.125
65.0625
83.75
103.5625
122.8125
133.1875
131.875
123.5625
113.625
103.8125
94.625
86.1875
78.6875
72.25
67.0625
63.0625
60.0
57.8125
56.25
55.375
54.8125
54.5625
54.375
54.25
54.1875
54.0625
53.9375
53.75
53.5625
53.1875
52.875
52.5
52.0625
51.6875
53.625
64.25
83.0
102.8125
122.0625
132.6875
131.4375
123.375
113.5
103.875
94.9375
86.8125
79.625
73.625
69.0625
65.5625
63.0
61.375
60.4375
59.8125
59.5
59.25
59.0
58.625
58.3125
57.9375
57.5
57.1875
56.8125
56.375
56.0
55.6875
55.375
57.3125
68.0625
88.125
110.8125
133.0
145.625
145.5
138.125
128.8125
119.375
110.0625
101.0625
92.5
84.875
78.3125
73.0625
69.0
66.0625
64.0
62.5
61.625
61.1875
60.875
60.6875
60.625
60.4375
60.0625
59.625
59.125
58.5
57.9375
57.375
57.0625
60.3125
73.875
96.0
120.125
141.5
150.375
147.125
138.5625
129.0625
119.5
110.1875
101.125
92.4375
84.8125
78.25
72.9375
68.8125
65.875
63.75
62.5
61.75
61.375
61.125
61.0
60.875
60.625
60.3125
59.875
59.25
58.5625
57.875
57.125
56.5625
56.4375
60.625
75.25
96.625
119.625
138.875
145.6875
141.375
132.4375
122.6875
113.0625
103.5625
94.5
86.3125
79.25
73.375
68.75
65.375
62.9375
61.1875
60.0625
59.3125
58.8125
58.375
57.9375
57.625
57.1875
56.6875
56.125
55.5
54.875
54.1875
53.5625
52.8125
52.125
52.6875
59.875
77.125
97.375
118.1875
133.3125
136.1875
129.75
119.875
109.6875
99.9375
90.9375
82.75
75.5625
69.5625
64.875
61.3125
58.6875
56.875
55.875
55.3125
55.0625
55.0
55.0625
55.0
55.0625
55.0
54.8125
54.625
54.25
53.875
53.375
52.8125
52.25
52.3125
57.0
71.6875
90.6875
110.25
126.125
131.25
126.25
116.875
107.0625
97.75
89.3125
81.625
74.9375
69.375
65.125
61.875
59.75
58.5
57.9375
57.875
58.0
58.3125
58.75
59.0625
59.125
59.0625
58.625
58.125
57.5
56.875
56.3125
55.8125
55.5625
59.0625
72.8125
93.5625
116.3125
136.3125
144.9375
142.3125
134.25
124.625
115.0
105.6875
96.6875
88.375
81.0625
75.0
70.25
66.75
64.3125
62.6875
61.75
61.25
61.0
60.9375
60.8125
60.625
60.3125
59.9375
59.4375
58.75
58.1875
57.625
57.0625
56.9375
61.5
77.0625
99.625
123.875
143.625
150.5
146.4375
138.0625
128.6875
119.3125
109.9375
100.8125
92.0625
84.3125
77.6875
72.375
68.3125
65.375
63.5
62.375
61.75
61.4375
61.375
61.3125
61.25
61.0625
60.6875
60.1875
59.625
58.875
58.125
57.4375
56.8125
56.875
62.3125
78.8125
101.1875
124.8125
142.9375
147.9375
142.4375
133.25
123.5
113.6875
104.125
95.0
86.6875
79.3125
73.3125
68.375
64.625
61.875
60.0
58.875
58.0625
57.75
57.5625
57.4375
57.3125
57.1875
56.75
56.4375
55.9375
55.3125
54.6875
54.0
53.3125
52.6875
53.5625
61.6875
79.375
99.3125
119.5
132.9375
134.5
127.5
117.6875
107.6875
98.25
89.5
81.5625
74.6875
69.0
64.5625
61.125
58.75
57.0
56.0
55.375
55.0625
54.875
54.875
54.8125
54.6875
54.625
54.4375
54.25
53.9375
53.5625
53.1875
52.6875
52.1875
53.125
61.25
79.125
99.25
119.5625
133.375
135.125
128.625
119.375
109.9375
100.8125
92.25
84.5625
77.8125
72.1875
67.8125
64.5625
62.1875
60.5
59.4375
58.8125
58.5
58.4375
58.4375
58.375
58.25
58.0625
57.75
57.3125
56.9375
56.4375
56.0
55.5625
56.3125
64.25
82.875
105.5625
129.0625
145.25
147.9375
141.8125
132.9375
123.5625
114.1875
105.0625
96.125
87.875
80.625
74.8125
70.125
66.6875
64.3125
62.6875
61.8125
61.3125
61.1875
61.125
61.0
60.875
60.6875
60.25
59.6875
59.0625
58.3125
57.625
57.0
57.25
62.875
79.8125
102.4375
126.0625
144.0625
148.8125
143.375
134.4375
124.8125
115.3125
105.8125
96.8125
88.625
81.3125
75.375
70.5625
67.0
64.5
62.9375
61.9375
61.375
61.0625
60.9375
60.8125
60.625
60.3125
59.875
59.375
58.75
58.0625
57.25
56.5625
55.9375
56.25
62.3125
78.625
99.625
121.5625
138.1875
142.0625
136.25
126.875
117.0
107.3125
98.125
89.375
81.4375
74.75
69.25
64.9375
61.6875
59.4375
57.875
56.9375
56.4375
56.1875
56.125
56.0625
56.0
55.8125
55.5
55.125
54.6875
54.0625
53.5625
52.9375
52.375
52.0625
54.9375
67.1875
85.875
105.4375
123.6875
132.25
129.4375
120.625
110.5625
100.875
91.875
83.6875
76.4375
70.25
65.3125
61.5625
58.75
56.75
55.5
54.75
54.4375
54.1875
54.125
54.0625
53.9375
53.8125
53.6875
53.4375
53.25
53.0
52.625
52.1875
51.6875
52.0625
58.125
74.625
94.4375
114.8125
130.5
134.4375
128.9375
119.875
110.625
101.8125
93.625
86.0625
79.375
73.5625
69.0
65.625
63.125
61.3125
60.0625
59.25
58.75
58.5625
58.3125
58.1875
58.125
58.0
57.6875
57.4375
57.0625
56.625
56.25
55.875
57.3125
67.0625
86.9375
109.875
132.9375
147.0
147.875
141.0
132.0
122.5625
113.25
104.1875
95.5
87.4375
80.5625
74.875
70.375
67.0
64.625
63.125
62.125
61.6875
61.4375
61.4375
61.3125
61.0625
60.875
60.5
59.875
59.25
58.5625
57.875
57.5625
60.0625
72.4375
93.4375
117.0
138.625
148.9375
147.0625
138.8125
129.3125
120.0
110.75
101.625
92.875
85.0
78.25
72.75
68.4375
65.25
63.1875
61.9375
61.1875
60.875
60.6875
60.6875
60.5625
60.4375
60.1875
59.75
59.125
58.5
57.6875
56.9375
56.375
56.1875
60.5
75.5
96.875
119.4375
138.25
144.75
140.125
131.1875
121.3125
111.625
102.25
93.4375
85.3125
78.3125
72.375
67.6875
64.125
61.625
59.8125
58.5625
57.8125
57.3125
57.125
56.9375
56.8125
56.5625
56.1875
55.75
55.3125
54.625
53.9375
53.25
52.5625
52.1875
54.4375
65.75
84.375
104.4375
123.625
133.8125
132.3125
124.0625
114.0
104.125
94.875
86.4375
78.8125
72.3125
67.0625
63.0
60.0
57.8125
56.375
55.5
55.125
54.9375
54.8125
54.75
54.6875
54.5625
54.375
54.1875
53.875
53.5
53.0625
52.6875
52.1875
52.0
55.375
68.75
87.875
107.75
125.5
133.0625
129.5625
120.4375
110.5
101.0
92.125
84.0
77.0
71.0625
66.5
63.25
61.0625
59.75
59.0
58.875
58.9375
59.1875
59.375
59.4375
59.1875
58.875
58.4375
57.875
57.375
56.9375
56.5
56.0
56.375
62.1875
78.8125
100.625
123.8125
141.625
146.6875
141.875
133.0
123.4375
114.0625
105.0
96.25
88.1875
81.125
75.25
70.625
67.1875
64.75
63.125
62.125
61.5625
61.3125
61.1875
61.125
60.9375
60.6875
60.3125
59.75
59.125
58.5625
57.9375
57.5625
60.4375
73.5625
95.375
119.5625
141.4375
151.0
148.3125
140.125
130.75
121.3125
112.0
102.6875
93.8125
85.875
79.0625
73.5
69.125
66.0625
63.9375
62.75
62.0625
61.75
61.625
61.5625
61.5
61.3125
61.0
60.375
59.6875
58.875
58.125
57.3125
56.6875
57.1875
64.5625
82.6875
104.9375
127.8125
143.6875
146.3125
139.6875
130.25
120.4375
110.875
101.4375
92.6875
84.6875
77.875
72.25
67.6875
64.375
61.9375
60.3125
59.125
58.375
57.875
57.625
57.375
57.125
56.8125
56.4375
55.9375
55.3125
54.6875
54.0
53.375
52.75
53.5625
61.4375
79.125
99.125
119.6875
133.875
135.75
128.75
118.8125
108.75
99.0625
90.1875
82.125
75.125
69.1875
64.625
61.0625
58.5625
56.875
55.875
55.3125
55.125
55.125
55.125
55.1875
55.0625
54.9375
54.6875
54.4375
54.0
53.5625
53.125
52.5
52.125
54.625
66.4375
85.125
104.75
123.1875
132.125
129.625
120.875
110.875
101.375
92.625
84.625
77.5625
71.6875
67.1875
63.9375
61.6875
60.125
59.3125
58.9375
58.8125
58.8125
58.8125
58.6875
58.5
58.1875
57.75
57.375
56.9375
56.5
56.125
55.75
56.375
63.4375
81.1875
103.1875
126.1875
142.75
146.1875
140.3125
131.375
121.8125
112.4375
103.4375
94.8125
86.8125
80.0
74.375
69.9375
66.75
64.4375
62.9375
61.875
61.3125
60.9375
60.75
60.75
60.625
60.1875
59.8125
59.3125
58.6875
58.125
57.5625
57.4375
61.125
75.6875
97.8125
121.75
142.0
149.8125
146.125
137.75
128.3125
118.8125
109.4375
100.3125
91.75
84.0
77.5
72.25
68.3125
65.4375
63.5625
62.375
61.75
61.375
61.1875
61.125
61.0
60.75
60.375
59.9375
59.3125
58.5625
57.8125
57.125
56.5
57.0625
64.4375
82.5
105.0
127.9375
143.875
146.375
139.75
130.0625
120.0625
110.3125
101.0
92.3125
84.4375
77.625
72.0
67.625
64.25
61.875
60.3125
59.25
58.5625
58.125
57.8125
57.5625
57.3125
57.0
56.625
56.125
55.625
54.875
54.1875
53.5625
52.8125
52.3125
54.4375
65.6875
84.75
105.125
125.0
135.5625
133.9375
125.5625
115.5
105.6875
96.375
87.8125
80.0625
73.4375
68.0
63.75
60.5625
58.25
56.6875
55.75
55.3125
55.0625
54.9375
54.8125
54.8125
54.6875
54.5
54.375
54.1875
53.875
53.4375
53.0625
52.5625
52.0625
52.6875
60.4375
77.9375
97.6875
117.625
131.25
132.8125
125.6875
115.75
105.75
96.5625
88.125
80.625
74.3125
69.3125
65.625
63.0
61.25
60.125
59.625
59.375
59.375
59.375
59.25
59.0
58.6875
58.25
57.75
57.3125
56.8125
56.375
55.9375
55.5625
56.125
63.375
81.125
103.3125
126.4375
142.75
145.9375
140.0625
131.0625
121.5625
112.25
103.375
94.8125
86.75
79.75
74.0625
69.625
66.25
64.0
62.4375
61.5625
61.0625
60.75
60.625
60.5625
60.4375
60.125
59.75
59.1875
58.5625
57.9375
57.375
56.875
58.25
67.9375
87.9375
111.5625
134.875
148.75
149.0625
141.875
132.625
123.125
113.8125
104.5625
95.625
87.5625
80.5625
74.6875
70.0625
66.6875
64.3125
62.625
61.75
61.25
61.0625
60.9375
60.9375
60.8125
60.5
60.125
59.5625
58.875
58.0625
57.3125
56.5625
56.125
58.5625
70.6875
91.25
114.1875
135.375
145.4375
143.0
134.5
124.5
114.625
105.0
95.75
87.3125
79.6875
73.3125
68.1875
64.3125
61.4375
59.5
58.25
57.5625
57.3125
57.1875
57.1875
57.0625
57.0
56.75
56.375
55.9375
55.3125
54.6875
53.9375
53.25
52.5
52.5
57.4375
72.875
92.5625
112.9375
129.3125
134.125
128.75
119.1875
109.125
99.625
90.9375
83.0
76.0625
70.1875
65.5625
61.9375
59.3125
57.5
56.25
55.5
55.125
54.875
54.75
54.6875
54.5625
54.5
54.3125
54.125
53.8125
53.5
53.125
52.625
52.1875
52.375
58.0625
74.625
95.4375
117.0
133.875
138.3125
132.875
123.4375
113.375
103.75
94.8125
86.625
79.375
73.5
68.6875
65.25
62.875
61.125
59.9375
59.375
59.0
58.875
58.8125
58.6875
58.5
58.25
57.9375
57.4375
57.0
56.5
56.0625
55.5
55.6875
61.3125
78.125
100.875
125.1875
144.0625
149.5
144.625
135.9375
126.625
117.1875
108.0
98.9375
90.5
82.9375
76.625
71.5625
67.8125
65.0
63.1875
62.125
61.5
61.1875
61.0625
61.125
61.0
60.75
60.375
59.875
59.25
58.4375
57.75
57.0625
56.625
58.8125
70.625
91.4375
114.875
136.625
147.5
145.8125
137.875
128.4375
118.875
109.4375
100.3125
91.6875
83.875
77.3125
72.0
67.875
64.875
62.875
61.625
60.8125
60.4375
60.3125
60.25
60.125
60.0
59.6875
59.3125
58.75
58.0625
57.375
56.6875
55.9375
55.4375
56.8125
66.125
85.0625
106.8125
128.375
141.125
141.1875
133.4375
123.4375
113.3125
103.625
94.4375
86.0625
78.6875
72.4375
67.5
63.75
60.9375
58.9375
57.6875
57.0
56.5625
56.3125
56.125
56.0625
55.9375
55.75
55.4375
54.9375
54.4375
53.875
53.25
52.75
52.125
51.8125
54.9375
67.6875
86.5
106.0625
123.75
131.5625
128.4375
119.5625
109.6875
100.1875
91.3125
83.1875
76.0625
70.125
65.375
61.6875
59.0
57.0625
55.8125
55.0625
54.625
54.375
54.25
54.1875
54.125
54.0
53.8125
53.625
53.3125
52.9375
52.625
52.1875
51.625
51.5
55.75
70.3125
90.1875
110.6875
128.1875
134.6875
130.6875
121.875
112.25
103.25
94.9375
87.3125
80.375
74.375
69.625
66.0625
63.4375
61.625
60.3125
59.4375
59.0
58.6875
58.5
58.3125
58.3125
58.125
57.875
57.5
57.25
56.9375
56.4375
56.0
56.125
61.6875
78.1875
100.5
124.1875
142.625
148.0
143.3125
134.9375
125.8125
116.625
107.5
98.5625
90.0625
82.625
76.375
71.4375
67.6875
65.0625
63.3125
62.25
61.6875
61.4375
61.25
61.25
61.1875
60.875
60.5
59.9375
59.3125
58.5625
58.0
57.375
57.8125
64.9375
83.125
106.1875
129.75
146.125
149.0
142.875
133.8125
124.4375
114.9375
105.625
96.5625
88.1875
80.9375
74.8125
70.0625
66.5
64.0
62.4375
61.625
61.125
61.0
60.9375
60.9375
60.75
60.5
60.0625
59.4375
58.75
57.9375
57.25
56.5
55.9375
56.625
64.375
82.375
104.375
126.625
141.6875
143.625
136.6875
127.0
116.8125
107.0625
97.8125
89.1875
81.4375
74.875
69.375
65.0625
61.9375
59.75
58.3125
57.4375
57.0
56.75
56.6875
56.625
56.5625
56.3125
56.0
55.625
55.0
54.3125
53.6875
53.0625
52.375
52.1875
56.0
69.9375
89.3125
109.5625
127.0
133.625
129.4375
120.25
110.1875
100.5625
91.5625
83.4375
76.3125
70.3125
65.5625
61.8125
59.125
57.1875
55.9375
55.1875
54.8125
54.625
54.5625
54.4375
54.375
54.375
54.375
54.5
54.5625
55.0
56.8125
60.3125
64.375
67.875
70.375
70.8125
69.125
65.6875
61.8125
58.1875
55.25
53.0
51.375
50.375
50.0
50.0
50.125
50.25
50.125
49.8125
49.4375
48.875
48.25
47.6875
47.0625
46.5
46.0
45.5
45.125
44.8125
44.5625
44.25
43.9375
43.6875
43.5625
43.4375
43.4375
46.3125
59.8125
80.0
101.0
123.25
136.25
137.0625
130.375
120.75
110.5625
100.8125
91.75
83.75
76.875
71.375
67.125
63.875
61.5625
59.9375
58.9375
58.3125
58.125
58.0
58.0
58.0
58.0
57.6875
57.3125
56.8125
56.25
55.75
55.125
54.8125
57.0625
68.4375
87.9375
110.0
131.125
142.5625
142.0625
135.1875
126.3125
117.125
108.125
99.3125
90.875
83.25
76.8125
71.4375
67.3125
64.1875
62.0625
60.6875
59.875
59.4375
59.1875
59.1875
59.0625
58.9375
58.625
58.3125
57.75
57.125
56.4375
55.75
55.125
54.9375
58.875
73.125
93.9375
116.3125
135.5
142.8125
139.0625
130.625
121.1875
111.6875
102.625
93.8125
85.625
78.375
72.3125
67.375
63.625
60.8125
58.75
57.5
56.625
56.25
56.0
55.9375
55.8125
55.5625
55.3125
54.875
54.4375
53.8125
53.125
52.5
51.8125
51.1875
52.0
59.875
77.0
95.875
115.0
128.3125
130.3125
124.0625
114.9375
105.5625
96.4375
88.0625
80.375
73.6875
68.0625
63.6875
60.3125
57.6875
55.9375
54.75
54.0625
53.625
53.4375
53.3125
53.1875
53.1875
53.125
53.0
52.875
52.5625
52.1875
51.875
51.4375
51.0625
53.1875
64.5625
83.5625
103.3125
122.1875
132.25
131.0
123.5
114.4375
105.4375
96.9375
89.1875
82.125
76.0
71.0
67.0
64.125
62.0625
60.5625
59.5
58.75
58.375
58.0
57.75
57.4375
57.25
57.0625
56.8125
56.4375
56.125
55.8125
55.4375
55.375
59.0
73.0
93.8125
116.375
136.125
144.4375
141.6875
134.125
125.375
116.375
107.5625
98.875
90.5625
83.0625
76.875
71.6875
67.8125
64.9375
62.9375
61.625
60.875
60.5
60.25
60.25
60.1875
59.9375
59.625
59.25
58.5625
57.9375
57.3125
56.75
56.875
62.75
79.6875
102.0625
125.5625
143.125
147.5
142.25
133.6875
124.375
115.125
105.9375
97.0625
88.75
81.5
75.4375
70.5625
66.8125
64.125
62.5
61.3125
60.75
60.4375
60.375
60.25
60.0625
59.75
59.375
58.875
58.3125
57.5625
56.75
56.125
55.5625
56.5
64.75
83.0
104.5625
126.4375
140.5625
141.875
135.0625
125.75
116.1875
106.625
97.5
88.9375
81.375
74.875
69.625
65.4375
62.375
60.125
58.625
57.6875
57.0625
56.75
56.5
56.375
56.0625
55.8125
55.4375
55.0625
54.4375
53.75
53.125
52.4375
51.75
51.4375
54.625
67.5
86.4375
106.1875
124.25
132.3125
129.3125
120.5
110.5
100.8125
91.8125
83.6875
76.375
70.4375
65.5
61.75
58.9375
56.8125
55.5
54.75
54.25
54.0
53.9375
53.875
53.75
53.625
53.625
53.375
53.125
52.8125
52.5
52.0625
51.5625
51.5
55.625
69.9375
89.0625
108.5625
125.3125
131.6875
127.875
119.5625
110.375
101.625
93.4375
85.75
78.9375
73.25
68.75
65.1875
62.5625
60.5625
59.25
58.3125
57.8125
57.5625
57.375
57.25
57.25
57.0625
56.8125
56.5625
56.1875
55.8125
55.3125
54.9375
55.1875
60.5
76.8125
98.75
122.0
140.6875
146.625
142.1875
133.8125
124.5
115.25
106.125
97.25
88.9375
81.6875
75.625
70.75
66.875
64.125
62.25
61.0625
60.375
60.0
60.0
59.875
59.8125
59.6875
59.375
58.875
58.3125
57.6875
57.0
56.4375
56.3125
60.8125
75.9375
97.4375
120.5
139.5
146.0625
141.8125
133.1875
123.8125
114.4375
105.25
96.375
88.0625
80.8125
74.625
69.75
65.9375
63.25
61.4375
60.375
59.75
59.5
59.375
59.375
59.3125
59.1875
58.9375
58.5625
58.0
57.3125
56.6875
56.0
55.3125
55.0
57.75
70.1875
90.125
112.125
132.1875
141.5625
139.0
130.5
120.625
110.875
101.4375
92.4375
84.1875
77.125
71.25
66.4375
62.8125
60.125
58.3125
57.0625
56.4375
56.0
55.8125
55.75
55.625
55.5
55.125
54.75
54.375
53.875
53.25
52.625
52.0
51.3125
50.875
52.8125
63.4375
81.375
100.4375
119.0625
129.6875
128.9375
121.125
111.125
101.375
92.25
84.0
76.625
70.4375
65.4375
61.5625
58.6875
56.5625
55.125
54.25
53.75
53.5
53.375
53.1875
53.0625
52.9375
52.8125
52.6875
52.4375
52.25
51.875
51.5625
51.125
50.625
50.8125
56.0
71.375
90.5
110.0
126.0625
131.1875
126.25
117.125
107.4375
98.3125
89.875
82.4375
75.9375
70.625
66.5625
63.4375
61.375
60.0
59.1875
58.6875
58.4375
58.25
58.125
57.75
57.5
57.1875
56.875
56.5
56.0625
55.75
55.3125
54.9375
54.875
58.3125
71.75
92.4375
115.0
135.25
144.25
142.0
134.3125
125.25
116.0625
106.9375
98.1875
89.8125
82.375
76.125
71.1875
67.3125
64.625
62.6875
61.4375
60.625
60.25
60.0
59.875
59.8125
59.625
59.3125
58.9375
58.4375
57.8125
57.25
56.6875
56.5
59.25
71.75
92.5625
115.875
137.3125
147.5
145.625
137.9375
128.75
119.3125
110.0625
100.9375
92.25
84.4375
77.75
72.3125
68.0625
65.0625
63.0
61.75
61.0
60.6875
60.5
60.5
60.4375
60.25
60.0
59.5
58.9375
58.25
57.5
56.6875
56.0
55.6875
58.875
71.75
92.0
114.125
133.8125
142.6875
140.0
131.875
122.25
112.75
103.5
94.75
86.625
79.375
73.375
68.4375
64.625
61.8125
59.875
58.4375
57.5
56.875
56.5
56.25
56.125
55.9375
55.625
55.25
54.6875
54.125
53.375
52.75
52.0
51.625
53.25
63.125
81.3125
101.0625
120.5
132.25
132.1875
124.625
114.8125
104.9375
95.625
87.0
79.25
72.5
67.125
62.875
59.6875
57.375
55.8125
54.9375
54.4375
54.25
54.125
54.125
54.125
54.0625
53.9375
53.8125
53.5625
53.1875
52.8125
52.375
51.875
51.5625
54.1875
66.0
84.5
103.625
121.5
130.3125
128.25
119.8125
110.125
100.75
92.0
84.0
76.75
70.75
65.875
62.1875
59.375
57.3125
56.0
55.125
54.625
54.375
54.125
54.0
53.8125
53.6875
53.5625
53.3125
53.0625
52.6875
52.3125
51.75
51.375
53.125
64.0625
84.3125
105.75
126.875
138.9375
138.4375
131.1875
122.25
113.1875
104.375
95.875
87.5625
80.125
73.8125
68.6875
64.6875
61.5625
59.375
57.9375
56.9375
56.4375
56.125
55.875
55.75
55.6875
55.5625
55.3125
55.1875
54.875
54.4375
53.9375
53.8125
57.625
73.0
95.8125
119.6875
140.25
147.875
143.875
135.4375
126.3125
117.25
108.4375
99.625
91.25
83.625
77.1875
72.125
68.25
65.375
63.4375
62.125
61.375
61.0625
60.875
60.8125
60.9375
60.8125
60.4375
60.0625
59.5
58.9375
58.375
57.75
59.0
68.625
88.9375
113.25
137.375
151.5625
152.125
145.25
136.4375
127.375
118.3125
109.1875
100.1875
91.8125
84.25
77.9375
72.8125
68.875
66.125
64.3125
63.125
62.5
62.125
62.0625
61.9375
61.875
61.625
61.1875
60.6875
60.0
59.3125
58.5625
57.9375
59.125
68.5
88.25
111.8125
134.9375
148.625
149.0625
142.0625
133.125
123.8125
114.625
105.375
96.5
88.1875
80.9375
74.9375
70.125
66.625
64.25
62.6875
61.75
61.25
61.0625
61.0625
60.9375
60.875
60.5625
60.125
59.5625
58.875
58.1875
57.375
56.625
56.1875
57.875
68.125
87.875
110.3125
131.9375
143.9375
143.25
135.4375
125.6875
115.75
106.125
96.875
88.4375
81.0
74.6875
69.8125
66.0625
63.4375
61.625
60.5
59.9375
59.6875
59.5625
59.5
59.375
59.1875
58.875
58.5
58.125
57.5
56.9375
56.3125
55.625
55.0
55.0625
60.4375
75.4375
95.0625
115.9375
132.4375
137.5625
132.4375
123.0
112.875
103.0
93.625
85.0625
77.5625
71.3125
66.3125
62.4375
59.5625
57.6875
56.4375
55.8125
55.375
55.25
55.125
55.0625
55.0
54.8125
54.625
54.3125
54.0
53.625
53.25
52.75
52.25
51.75
52.9375
61.75
79.1875
98.375
117.75
130.375
131.0625
123.3125
112.875
102.6875
93.3125
85.0
77.6875
71.6875
67.0
63.5
61.1875
59.6875
58.875
58.5
58.5625
58.625
58.8125
58.8125
58.625
58.3125
58.0
57.5625
57.0
56.5
56.0
55.625
55.1875
55.375
60.6875
76.375
97.4375
120.1875
138.8125
145.0625
140.5
131.1875
121.125
111.25
101.875
93.0
85.0625
78.25
72.6875
68.375
65.1875
63.0
61.5
60.5625
59.9375
59.75
59.6875
59.625
59.4375
59.25
59.0625
58.6875
58.1875
57.625
57.125
56.625
56.5625
60.875
75.8125
97.9375
122.4375
143.375
151.5625
147.625
138.75
128.8125
118.875
109.1875
99.875
91.0625
83.1875
76.75
71.375
67.375
64.4375
62.5625
61.375
60.8125
60.5625
60.4375
60.4375
60.4375
60.3125
60.0625
59.6875
59.125
58.5
57.8125
57.1875
56.5625
56.4375
60.6875
75.5
97.0
120.5
140.5625
148.0625
143.8125
134.375
124.0
113.75
103.8125
94.5625
86.125
78.6875
72.4375
67.5
63.6875
60.9375
59.0625
57.9375
57.1875
56.8125
56.75
56.75
56.8125
56.6875
56.5625
56.1875
55.75
55.125
54.5
53.8125
53.25
52.625
53.75
62.75
80.8125
101.125
121.8125
135.1875
136.375
129.0
118.8125
108.5625
98.875
89.9375
81.8125
74.8125
69.0625
64.4375
61.0
58.5
56.8125
55.75
55.3125
55.125
55.1875
55.25
55.3125
55.4375
55.6875
56.0625
56.375
56.75
57.0
57.25
57.1875
57.4375
60.5625
72.125
90.5625
111.0
129.6875
138.5625
136.375
128.0
117.9375
108.125
98.9375
90.375
82.75
76.1875
70.75
66.5
63.5
61.375
59.875
59.0625
58.6875
58.4375
58.375
58.4375
58.3125
58.25
58.0
57.6875
57.3125
56.8125
56.375
55.8125
55.3125
56.6875
66.4375
86.0625
109.5
133.0
147.4375
148.25
141.3125
131.875
122.25
112.8125
103.5
94.625
86.4375
79.3125
73.375
68.8125
65.4375
63.125
61.6875
60.9375
60.5625
60.5625
60.5625
60.5625
60.5
60.25
59.875
59.25
58.625
57.8125
57.0625
56.375
55.875
57.5
67.9375
87.875
111.0
133.6875
146.5625
146.125
138.25
128.5625
118.8125
109.375
100.25
91.5625
83.625
76.9375
71.4375
67.125
64.0625
61.9375
60.625
59.8125
59.5
59.4375
59.5
59.625
59.5625
59.25
58.8125
58.25
57.4375
56.5625
55.5
54.5
53.5
53.25
58.1875
73.6875
94.125
115.8125
133.5625
139.3125
134.5
125.25
115.375
105.625
96.4375
87.75
80.0
73.3125
67.875
63.6875
60.5625
58.3125
56.8125
55.9375
55.4375
55.1875
55.125
55.1875
55.0625
55.0
54.875
54.625
54.3125
53.875
53.4375
52.875
52.3125
51.75
53.3125
62.75
80.125
98.8125
117.4375
128.4375
128.125
120.25
110.1875
100.4375
91.5
83.4375
76.4375
70.5625
66.0
62.75
60.5
59.0625
58.3125
57.9375
57.9375
58.0625
58.25
58.25
58.125
57.75
57.375
56.875
56.3125
55.75
55.3125
54.9375
54.5625
55.5625
63.8125
81.875
103.125
125.3125
140.0625
142.25
135.9375
126.8125
117.375
108.0625
99.125
90.6875
83.0625
76.5
71.25
67.25
64.375
62.3125
61.0625
60.25
59.8125
59.625
59.625
59.5
59.375
59.125
58.75
58.25
57.6875
57.125
56.5
56.125
57.1875
65.75
84.5
107.125
130.0
144.75
146.375
139.875
131.0
121.5625
112.3125
103.1875
94.5
86.375
79.375
73.625
69.0625
65.6875
63.4375
61.9375
60.9375
60.4375
60.25
60.125
60.0625
59.9375
59.625
59.25
58.75
58.0625
57.3125
56.5625
55.9375
55.4375
56.875
66.625
85.8125
108.0
129.9375
142.9375
143.0
135.375
125.625
115.625
106.0
96.8125
88.25
80.625
74.125
68.8125
64.6875
61.6875
59.4375
57.9375
57.125
56.625
56.375
56.3125
56.25
56.125
55.9375
55.5625
55.1875
54.5625
53.9375
53.3125
52.625
51.9375
51.9375
56.875
71.625
90.6875
110.375
126.6875
132.125
127.4375
118.4375
108.6875
99.125
90.25
82.25
75.1875
69.25
64.5625
61.0625
58.3125
56.4375
55.25
54.625
54.25
54.125
54.0
53.9375
54.0
53.9375
53.875
53.75
53.5625
53.1875
52.9375
52.5625
52.4375
53.9375
63.125
81.375
101.75
122.125
134.5625
134.9375
127.5625
117.8125
108.0
98.75
90.25
82.5625
75.9375
70.625
66.5625
63.5
61.3125
59.8125
59.0
58.375
58.125
58.0625
57.875
57.75
57.625
57.375
57.0
56.6875
56.1875
55.6875
55.1875
54.875
55.8125
64.1875
82.75
105.0625
128.0625
143.4375
145.75
139.75
131.0
121.8125
112.6875
103.625
94.9375
86.875
80.0
74.1875
69.5625
66.125
63.625
62.0625
61.0625
60.5
60.1875
60.1875
60.0625
59.9375
59.6875
59.3125
58.75
58.125
57.4375
56.75
56.0625
55.8125
59.5625
73.375
94.4375
117.375
137.4375
145.5625
142.25
133.8125
124.3125
114.8125
105.625
96.8125
88.5
81.3125
75.1875
70.1875
66.375
63.6875
61.875
60.625
60.0
59.625
59.4375
59.3125
59.25
58.9375
58.625
58.25
57.75
57.0625
56.4375
55.75
55.0625
54.5
55.0625
62.0625
78.8125
99.5
121.0
136.25
139.0625
132.75
123.1875
113.25
103.6875
94.6875
86.3125
78.875
72.5625
67.375
63.3125
60.3125
58.25
56.875
56.125
55.625
55.375
55.25
55.1875
55.0625
54.75
54.375
54.0625
53.625
53.0
52.5
51.9375
51.3125
50.6875
51.0625
57.3125
73.1875
91.875
111.0
125.6875
129.25
123.5625
114.125
104.3125
95.0
86.6875
79.0625
72.5
67.0625
62.8125
59.6875
57.3125
55.75
54.75
54.25
53.875
53.75
53.625
53.5625
53.4375
53.25
53.0625
53.0
52.8125
52.5625
52.5
52.4375
52.5
53.5625
60.4375
76.6875
96.3125
116.625
131.625
134.875
129.125
119.875
110.125
100.9375
92.4375
84.6875
77.875
72.25
67.6875
64.375
62.0625
60.375
59.25
58.625
58.25
58.0
57.875
57.6875
57.5
57.1875
56.875
56.5
56.0625
55.625
55.1875
54.8125
54.625
58.3125
72.0625
93.3125
116.6875
137.5625
146.75
144.1875
136.4375
127.375
118.125
109.0
100.0625
91.375
83.625
77.0
71.6875
67.5625
64.6875
62.8125
61.625
61.0
60.6875
60.625
60.5
60.375
60.1875
59.875
59.4375
58.8125
58.1875
57.5
56.8125
56.1875
56.4375
62.625
79.3125
101.0625
124.0
141.0
145.25
139.9375
131.375
122.1875
113.0
104.0
95.375
87.25
80.125
74.3125
69.5625
65.875
63.125
61.3125
60.0625
59.25
58.6875
58.25
58.0
57.6875
57.3125
56.8125
56.375
55.6875
54.875
54.125
53.375
52.625
52.25
55.5625
68.9375
88.6875
109.5625
128.25
136.3125
133.25
124.8125
115.1875
105.6875
96.5625
87.875
80.125
73.375
67.875
63.5625
60.3125
57.9375
56.4375
55.625
55.125
55.0625
55.0625
55.125
55.0625
55.0625
54.9375
54.6875
54.4375
53.9375
53.5625
52.9375
52.375
51.875
53.5625
63.8125
81.875
101.0625
119.8125
130.375
129.8125
122.3125
113.125
104.0
95.3125
87.375
80.25
74.3125
69.4375
65.625
62.8125
60.6875
59.25
58.3125
57.875
57.625
57.5
57.375
57.3125
57.125
56.875
56.5625
56.1875
55.75
55.1875
54.75
54.375
55.375
63.75
82.375
104.6875
127.4375
142.4375
144.5
138.25
129.4375
120.125
111.0625
102.0625
93.375
85.4375
78.6875
73.1875
68.75
65.625
63.4375
62.0
61.125
60.75
60.5625
60.4375
60.3125
60.125
59.75
59.3125
58.75
58.0625
57.4375
56.75
56.0625
55.9375
59.875
74.0625
95.125
118.1875
137.875
145.625
142.0625
134.0
124.5625
115.125
105.875
96.875
88.5625
81.1875
75.0625
70.125
66.375
63.6875
62.0
60.875
60.375
60.0625
60.0
59.875
59.75
59.5625
59.25
58.8125
58.25
57.625
56.875
56.125
55.375
54.9375
55.875
64.1875
81.875
102.6875
123.75
137.4375
139.0625
132.375
123.0
113.1875
103.625
94.5
86.125
78.625
72.25
67.125
63.125
60.1875
58.1875
57.0
56.1875
55.875
55.6875
55.625
55.4375
55.375
55.3125
55.375
55.3125
55.25
55.25
55.4375
56.0
56.625
56.875
56.625
55.6875
54.1875
52.5
50.625
48.8125
47.25
45.9375
44.8125
43.9375
43.4375
42.9375
42.625
42.375
42.1875
41.875
41.6875
41.3125
41.0625
40.75
40.4375
40.1875
39.9375
39.6875
39.375
39.25
39.1875
39.3125
39.5
39.8125
40.125
40.5625
41.1875
41.8125
42.6875
47.375
61.375
78.125
94.6875
111.0625
119.1875
117.875
110.75
101.75
92.9375
85.0
78.0
72.0625
67.125
63.375
60.5
58.375
56.8125
55.8125
55.125
54.6875
54.375
54.125
54.0
53.75
53.625
53.4375
53.3125
53.0
52.6875
52.375
52.0625
51.6875
53.3125
62.75
80.75
101.1875
121.875
135.5
137.75
132.5625
124.625
116.0
107.25
98.75
90.375
82.6875
76.1875
70.8125
66.5625
63.4375
61.25
59.6875
58.875
58.375
58.1875
58.125
58.125
58.0625
57.875
57.5625
57.125
56.5625
55.9375
55.4375
54.875
54.875
59.5
74.6875
95.6875
117.75
136.125
142.625
138.8125
130.875
122.0
113.0
104.3125
95.875
87.8125
80.625
74.625
69.625
65.8125
62.875
60.8125
59.4375
58.5
57.8125
57.25
56.9375
56.5
56.0625
55.4375
54.875
54.25
53.625
52.9375
52.25
51.5625
51.0625
52.5625
62.375
80.25
99.125
118.0
129.625
130.3125
123.875
115.25
106.1875
97.5
89.125
81.375
74.5
68.75
64.125
60.5
57.875
55.9375
54.75
54.0625
53.625
53.4375
53.4375
53.5
53.4375
53.4375
53.3125
53.0625
52.6875
52.3125
51.875
51.375
50.875
52.125
60.9375
77.8125
95.9375
114.0
125.6875
126.75
120.4375
111.75
103.0
94.75
87.125
80.1875
74.1875
69.375
65.4375
62.625
60.4375
58.875
57.6875
57.0
56.625
56.375
56.3125
56.1875
56.0625
55.875
55.625
55.25
54.8125
54.3125
54.0
53.625
54.6875
63.3125
81.3125
101.9375
123.25
137.75
140.1875
134.625
126.375
117.4375
108.5
99.8125
91.4375
83.8125
77.3125
71.9375
67.75
64.625
62.5
61.125
60.25
59.75
59.5625
59.5
59.5
59.3125
59.0625
58.6875
58.125
57.5
56.8125
56.1875
55.625
56.25
63.3125
80.6875
102.0625
124.25
140.25
143.625
138.125
129.5
120.25
111.0625
102.125
93.5
85.625
78.6875
73.0
68.5
65.125
62.8125
61.3125
60.4375
59.875
59.625
59.5
59.4375
59.25
59.0
58.625
58.1875
57.5
56.875
56.1875
55.4375
54.9375
55.3125
61.375
77.375
97.625
118.6875
134.5
138.375
132.9375
123.9375
114.375
105.0
96.0
87.5625
80.125
73.8125
68.5625
64.5
61.375
59.125
57.5625
56.625
55.9375
55.5625
55.375
55.25
55.0625
54.8125
54.4375
54.0625
53.625
53.125
52.625
52.0625
51.5625
51.125
52.4375
61.5
78.9375
97.75
116.5625
128.5
129.0
121.8125
112.125
102.4375
93.3125
85.125
77.75
71.375
66.1875
62.25
59.25
57.0625
55.6875
54.8125
54.375
54.125
54.0625
53.9375
53.875
53.8125
53.75
53.6875
53.625
53.5625
53.625
53.75
53.75
54.3125
58.25
71.5
90.625
110.8125
128.375
135.5625
132.3125
123.9375
114.375
105.0625
96.375
88.3125
81.0625
74.875
69.875
66.0
63.3125
61.375
60.0
59.1875
58.6875
58.5
58.25
58.125
57.9375
57.6875
57.3125
56.9375
56.375
55.9375
55.5625
55.0625
54.875
58.0625
71.25
92.125
115.5625
136.875
146.875
144.8125
137.1875
128.0625
118.875
109.75
100.8125
92.3125
84.6875
78.125
72.625
68.5
65.3125
63.1875
61.8125
61.0
60.5625
60.375
60.3125
60.25
60.0625
59.8125
59.4375
58.8125
58.1875
57.375
56.75
56.1875
56.4375
62.4375
78.9375
100.6875
123.625
140.9375
145.4375
140.1875
131.25
121.75
112.4375
103.4375
94.75
86.6875
79.5625
73.5
68.75
65.0
62.3125
60.3125
58.9375
58.0625
57.4375
57.125
56.875
56.6875
56.4375
56.0625
55.625
55.0625
54.4375
53.8125
53.125
52.5625
52.0625
53.5625
63.5625
82.1875
102.5
122.5
134.4375
134.4375
127.0
117.25
107.5
98.125
89.375
81.4375
74.5
68.75
64.1875
60.8125
58.375
56.75
55.6875
55.1875
55.0
54.9375
54.8125
54.875
54.875
54.8125
54.6875
54.375
54.0
53.5625
53.1875
52.625
52.125
53.125
61.5
78.9375
98.5625
118.25
131.4375
133.0625
126.375
116.9375
107.25
98.1875
89.8125
82.25
75.8125
70.5
66.3125
63.3125
61.125
59.625
58.6875
58.25
58.0
57.9375
57.875
57.6875
57.625
57.4375
57.0625
56.6875
56.25
55.75
55.25
54.875
55.5625
63.1875
81.25
103.4375
126.4375
142.4375
145.5
139.8125
131.125
121.6875
112.25
103.0625
94.3125
86.1875
79.25
73.5625
69.125
65.875
63.625
62.125
61.375
60.9375
60.75
60.625
60.5625
60.4375
60.25
59.875
59.3125
58.6875
58.0
57.3125
56.6875
56.5
60.1875
74.25
95.375
118.3125
138.0625
145.9375
142.3125
133.8125
124.4375
114.9375
105.6875
96.8125
88.5
81.1875
75.125
70.125
66.4375
63.875
62.0625
61.0625
60.4375
60.1875
60.0625
59.9375
59.875
59.6875
59.3125
58.875
58.375
57.6875
56.9375
56.25
55.625
55.0625
56.3125
65.0625
83.0625
103.9375
124.75
137.8125
138.625
131.5625
122.0625
112.3125
102.8125
93.8125
85.375
78.0625
71.8125
66.75
62.8125
60.0
58.0625
56.875
56.25
55.875
55.6875
55.625
55.5625
55.375
55.125
54.8125
54.4375
54.0
53.5625
53.0625
52.5
51.9375
51.4375
51.625
57.1875
72.375
90.6875
109.6875
124.6875
129.0
123.6875
114.3125
104.4375
95.125
86.8125
79.1875
72.6875
67.375
63.125
60.0
57.75
56.25
55.3125
54.8125
54.6875
54.75
55.0625
55.5625
56.0
56.5625
56.9375
57.3125
57.5625
57.4375
57.125
56.6875
56.0625
56.3125
62.375
78.125
98.1875
119.375
135.1875
139.4375
134.4375
125.6875
116.25
106.875
97.9375
89.625
82.125
75.8125
70.6875
66.875
64.0
62.1875
60.875
60.1875
59.8125
59.625
59.5625
59.375
59.25
59.0
58.6875
58.125
57.625
57.0625
56.5
56.0
55.875
59.75
74.0
95.5625
119.25
139.8125
148.1875
145.1875
137.1875
128.1875
119.125
110.125
101.25
92.75
85.0
78.5
73.125
68.9375
65.9375
63.875
62.625
61.9375
61.5625
61.375
61.4375
61.375
61.3125
61.3125
61.25
61.3125
62.375
64.3125
66.6875
68.8125
69.8125
69.3125
67.25
64.3125
61.0
57.8125
55.1875
53.0625
51.3125
50.0
49.0625
48.3125
47.8125
47.375
46.875
46.125
45.5625
44.875
44.125
43.5
42.875
42.3125
41.75
41.25
40.75
40.3125
40.0625
39.8125
39.5625
39.4375
39.25
39.0625
38.9375
38.8125
38.6875
38.5625
41.4375
54.5
73.3125
91.0
110.5
122.9375
124.0625
117.5625
108.0625
98.375
89.5625
81.6875
74.6875
68.875
64.1875
60.5625
57.75
55.6875
54.3125
53.5
53.0
52.625
52.4375
52.25
52.25
52.125
52.0
51.875
51.75
51.5625
51.375
51.125
50.9375
51.5
56.875
72.125
91.6875
111.75
128.4375
134.3125
130.5625
122.4375
113.375
104.3125
95.6875
87.6875
80.5625
74.4375
69.625
65.875
63.1875
61.1875
59.875
59.0
58.375
58.125
58.0
57.75
57.5625
57.375
57.0
56.6875
56.1875
55.8125
55.375
55.0625
55.3125
60.9375
77.375
99.5
123.0
141.4375
147.0625
142.6875
134.625
125.875
117.125
108.3125
99.8125
91.5625
84.25
77.8125
72.5625
68.375
65.3125
63.1875
61.75
60.9375
60.5625
60.3125
60.1875
60.1875
60.0
59.6875
59.25
58.75
58.0625
57.4375
56.875
56.3125
57.4375
66.375
84.8125
106.5
128.1875
141.875
143.125
136.875
128.3125
119.4375
110.6875
102.0
93.5625
85.8125
78.9375
73.25
68.6875
65.3125
62.9375
61.375
60.5
60.0
59.75
59.6875
59.625
59.375
59.1875
58.75
58.3125
57.6875
57.0625
56.5
55.75
55.125
54.8125
57.5
69.375
88.5
109.25
128.4375
137.9375
136.25
128.5625
119.3125
109.9375
100.8125
92.125
84.1875
77.1875
71.25
66.5625
62.9375
60.3125
58.5
57.3125
56.625
56.25
56.125
55.9375
55.8125
55.625
55.3125
55.0
54.6875
54.1875
53.75
53.1875
52.625
52.0
51.375
52.0
58.9375
75.0625
93.5
112.4375
126.25
129.1875
123.375
114.3125
104.6875
95.6875
87.5
79.875
73.375
68.125
63.9375
60.8125
58.5
56.875
55.875
55.375
55.125
55.0625
55.375
55.75
56.25
56.8125
57.3125
57.75
57.9375
58.0
57.6875
57.3125
56.6875
57.375
65.0625
81.9375
102.4375
123.375
137.625
140.125
134.3125
125.5625
116.3125
107.125
98.5
90.3125
82.9375
76.6875
71.5625
67.6875
64.875
62.875
61.5
60.6875
60.25
60.125
60.0
59.8125
59.6875
59.5625
59.1875
58.75
58.25
57.625
57.0625
56.5625
56.375
59.9375
73.75
95.25
119.0625
140.0625
149.375
146.875
139.3125
130.4375
121.375
112.3125
103.3125
94.6875
86.6875
79.9375
74.375
70.0
66.75
64.625
63.1875
62.4375
62.0625
61.8125
61.75
61.5625
61.4375
61.125
60.625
59.9375
59.3125
58.5625
57.8125
57.125
56.625
58.125
68.0
87.8125
111.0
133.9375
147.4375
147.75
140.4375
131.0625
121.25
111.75
102.5
93.625
85.4375
78.375
72.4375
67.8125
64.375
61.875
60.3125
59.375
58.875
58.625
58.5625
58.5
58.25
58.0625
57.6875
57.25
56.625
55.9375
55.1875
54.5
53.8125
53.25
54.625
64.3125
83.0
103.75
124.25
136.4375
136.5
129.0625
119.625
109.9375
100.75
92.125
84.0
76.875
71.0
66.375
62.8125
60.1875
58.375
57.3125
56.625
56.3125
56.1875
56.1875
56.125
56.125
56.0
55.875
55.6875
55.375
55.125
54.6875
54.25
53.8125
55.5
65.375
84.6875
106.375
127.75
140.25
140.0625
132.3125
122.5
112.6875
103.25
94.5
86.4375
79.5625
73.8125
69.375
66.125
63.875
62.3125
61.3125
60.75
60.5
60.3125
60.1875
60.0625
59.75
59.4375
59.0
58.5625
58.0
57.5
57.0
56.4375
56.875
62.9375
79.875
102.625
127.0
145.5
150.625
145.625
137.0625
127.75
118.5
109.4375
100.5
92.125
84.5625
78.25
73.0625
69.1875
66.375
64.5
63.375
62.75
62.3125
62.125
62.0625
61.8125
61.625
61.1875
60.75
60.0625
59.375
58.625
58.0
57.375
58.5625
67.75
87.25
110.9375
134.5625
149.125
149.875
142.75
133.4375
123.9375
114.625
105.5
96.625
88.3125
81.1875
75.3125
70.625
67.125
64.75
63.125
62.1875
61.625
61.4375
61.375
61.25
61.125
60.875
60.4375
59.9375
59.3125
58.625
57.9375
57.1875
56.4375
56.1875
59.8125
73.3125
93.5
115.5625
134.875
142.875
139.5625
131.0625
121.375
111.6875
102.25
93.375
85.0625
77.8125
71.75
66.9375
63.4375
60.8125
59.0
57.9375
57.5
57.25
57.25
57.125
57.125
57.0
56.8125
56.5
56.125
55.5625
55.0625
54.5
53.8125
53.25
53.25
58.1875
73.0
92.5
112.8125
129.25
134.1875
129.0
119.5
109.5625
100.0625
91.3125
83.375
76.375
70.625
66.0
62.5
59.9375
58.125
57.0625
56.5
56.5
56.875
57.375
57.875
58.4375
58.9375
59.3125
59.5
59.375
59.0
58.375
57.5625
56.875
58.125
67.25
85.625
107.1875
128.6875
141.625
142.5
135.75
126.6875
117.1875
107.8125
98.875
90.375
82.875
76.5625
71.4375
67.5625
64.9375
63.125
61.9375
61.3125
60.9375
60.8125
60.6875
60.625
60.375
60.0625
59.625
59.125
58.5
57.9375
57.375
56.875
58.0625
67.3125
86.875
110.875
135.0
149.8125
151.0
144.3125
135.375
126.0625
116.75
107.4375
98.4375
90.125
82.8125
76.625
71.625
67.9375
65.375
63.6875
62.6875
62.25
62.0625
62.0625
62.125
62.0625
61.8125
61.4375
60.9375
60.1875
59.4375
58.5625
57.8125
57.1875
58.5625
68.125
87.8125
111.1875
134.125
147.5
147.6875
140.5
131.25
121.875
112.5625
103.3125
94.375
86.25
79.1875
73.375
68.6875
65.25
62.75
61.0625
60.0
59.25
58.9375
58.6875
58.5625
58.375
58.125
57.6875
57.125
56.5625
55.8125
55.0625
54.3125
53.625
53.375
57.25
71.75
92.375
113.8125
132.0625
138.8125
134.875
126.125
116.4375
106.875
97.75
89.1875
81.4375
74.8125
69.3125
65.125
61.875
59.5
57.9375
57.0
56.5
56.3125
56.25
56.125
56.125
56.0
55.8125
55.5625
55.25
54.8125
54.375
53.8125
53.25
53.0
56.625
70.375
90.25
111.25
129.9375
138.0
135.0
126.625
116.875
107.25
98.25
89.875
82.4375
76.0625
70.9375
66.9375
64.125
62.125
60.8125
60.0
59.6875
59.5
59.4375
59.375
59.1875
59.0625
58.75
58.375
57.8125
57.3125
56.8125
56.3125
56.0
58.9375
71.875
93.25
117.125
138.8125
148.9375
147.0
139.4375
130.0625
120.9375
111.875
102.875
94.0625
86.0625
79.25
73.6875
69.375
66.25
64.1875
62.8125
62.125
61.75
61.625
61.5625
61.5625
61.375
61.0
60.5625
59.9375
59.25
58.5625
57.8125
57.1875
58.0
65.75
84.375
107.375
130.6875
146.0625
148.0625
141.4375
132.375
122.9375
113.625
104.5625
95.75
87.5625
80.4375
74.6875
69.9375
66.4375
64.0625
62.5
61.5625
61.0
60.75
60.75
60.75
60.625
60.375
60.0
59.5625
58.9375
58.3125
57.5
56.75
56.0
55.6875
59.75
74.25
94.875
116.8125
135.3125
142.0
137.8125
128.875
118.9375
109.0625
99.75
90.9375
82.9375
76.0
70.25
65.75
62.25
59.875
58.3125
57.375
56.875
56.6875
56.5625
56.5625
56.4375
56.3125
56.125
55.8125
55.4375
54.9375
54.4375
53.8125
53.1875
52.625
53.6875
62.0
79.125
98.25
117.4375
129.8125
130.6875
123.375
113.4375
103.75
94.625
86.25
78.8125
72.4375
67.25
63.1875
60.3125
58.1875
56.875
56.125
55.8125
55.8125
56.125
56.5
57.0
57.5
57.875
58.1875
58.3125
58.3125
58.0625
57.5
56.8125
56.9375
62.5
78.3125
99.0625
121.0625
137.6875
142.3125
137.25
128.3125
118.8125
109.375
100.3125
91.75
84.0
77.3125
71.875
67.6875
64.75
62.75
61.375
60.6875
60.25
60.25
60.3125
60.25
60.125
59.875
59.4375
58.9375
58.3125
57.625
57.0625
56.5
57.5625
66.125
85.3125
108.6875
132.5625
147.875
149.625
142.8125
133.75
124.4375
115.25
106.1875
97.5
89.25
81.9375
76.0
71.1875
67.5625
64.9375
63.3125
62.25
61.6875
61.5
61.375
61.3125
61.125
60.9375
60.5
60.0
59.3125
58.625
57.875
57.1875
56.6875
58.875
70.5
91.375
115.0625
137.0625
148.1875
146.4375
138.375
128.6875
119.125
109.75
100.625
92.0
84.25
77.5
71.9375
67.625
64.4375
62.1875
60.625
59.625
58.9375
58.5625
58.25
58.0
57.75
57.375
56.9375
56.3125
55.6875
54.9375
54.25
53.5
52.9375
53.125
59.375
75.875
96.1875
117.1875
133.25
137.125
131.25
121.8125
111.75
102.1875
93.125
84.875
77.5625
71.4375
66.5625
62.75
59.9375
58.0
56.75
56.0625
55.75
55.5
55.5
55.375
55.25
55.125
54.875
54.625
54.25
53.875
53.375
52.875
52.3125
52.4375
57.3125
72.6875
92.5
112.8125
129.4375
134.5625
129.8125
121.0
111.5625
102.5
93.9375
86.0
79.125
73.25
68.75
65.375
62.8125
61.0
59.8125
59.0
58.625
58.5
58.5
58.4375
58.3125
58.1875
57.8125
57.5
57.0625
56.5
56.0625
55.5625
55.6875
60.75
76.375
98.1875
121.75
140.75
147.25
143.125
134.75
125.25
115.875
106.6875
97.8125
89.625
82.3125
76.1875
71.375
67.6875
65.0
63.3125
62.25
61.6875
61.4375
61.3125
61.1875
61.0
60.8125
60.375
59.8125
59.125
58.4375
57.6875
57.0625
56.8125
60.5625
74.8125
96.6875
120.625
141.125
149.125
145.3125
136.75
127.1875
117.6875
108.25
99.125
90.5625
82.9375
76.5625
71.375
67.4375
64.6875
62.9375
61.8125
61.1875
60.9375
60.9375
60.8125
60.6875
60.5
60.125
59.625
59.0625
58.3125
57.5625
56.8125
56.125
55.75
58.3125
70.375
90.375
112.6875
132.9375
142.5625
140.25
132.125
122.5625
112.875
103.4375
94.3125
85.9375
78.625
72.5625
67.625
63.875
61.125
59.25
58.0625
57.3125
56.875
56.6875
56.6875
56.5
56.375
56.125
55.75
55.3125
54.75
54.125
53.375
52.75
52.125
51.6875
54.3125
66.625
85.625
105.8125
124.625
133.6875
131.25
122.625
112.5625
102.8125
93.6875
85.3125
77.9375
71.625
66.625
62.6875
59.75
57.625
56.1875
55.3125
54.9375
54.6875
54.625
54.5625
54.5625
54.5
54.3125
54.25
54.0
53.75
53.375
53.0
52.4375
52.0
53.3125
62.625
80.9375
101.0625
121.25
133.875
134.75
127.625
118.0
108.25
99.125
90.6875
83.125
76.625
71.1875
67.0625
63.9375
61.75
60.25
59.3125
58.75
58.4375
58.4375
58.375
58.25
58.125
58.0
57.625
57.25
56.75
56.25
55.6875
55.1875
55.4375
61.375
78.25
100.6875
124.375
142.625
148.0
143.3125
134.875
125.5
116.25
107.0
98.125
89.8125
82.5
76.3125
71.375
67.625
65.0
63.25
62.125
61.5
61.1875
61.125
61.0
60.875
60.625
60.25
59.6875
59.0625
58.4375
57.6875
57.0
56.5
58.25
68.5
88.4375
111.4375
133.5625
146.0
145.625
138.1875
129.0
119.6875
110.375
101.375
92.6875
84.8125
78.125
72.625
68.3125
65.25
63.125
61.75
60.9375
60.5
60.375
60.3125
60.3125
60.125
59.8125
59.4375
58.9375
58.3125
57.625
56.8125
56.125
55.5625
56.0
62.5
79.0
99.75
121.375
137.1875
140.625
134.625
125.25
115.4375
105.875
96.6875
88.125
80.5
74.0
68.625
64.5
61.375
59.25
57.9375
57.125
56.625
56.375
56.25
56.125
55.9375
55.75
55.5
55.0625
54.625
54.125
53.6875
53.0625
52.5
52.0
53.3125
62.25
79.75
98.9375
117.8125
129.375
129.4375
121.875
112.0
102.25
93.1875
85.0
77.625
71.375
66.375
62.5
59.625
57.5625
56.1875
55.4375
55.0625
54.9375
55.125
55.5
56.0625
56.5625
57.125
57.6875
58.0625
58.1875
58.0625
57.8125
57.1875
57.375
63.0625
78.75
99.0
120.3125
136.3125
140.5625
135.375
126.4375
116.875
107.5
98.625
90.3125
82.75
76.1875
71.0
67.0
64.1875
62.25
61.125
60.5
60.1875
60.1875
60.25
60.3125
60.125
59.9375
59.5
59.0625
58.4375
57.8125
57.1875
56.6875
58.0625
67.625
87.3125
110.8125
134.25
148.4375
149.4375
142.75
133.875
124.5
115.25
106.0625
97.125
88.875
81.5625
75.5625
70.6875
67.125
64.6875
63.1875
62.25
61.875
61.6875
61.6875
61.625
61.5
61.25
60.75
60.125
59.4375
58.75
57.9375
57.1875
56.8125
59.1875
71.25
92.25
116.0
138.0625
148.75
146.625
138.625
129.0
119.4375
110.0
100.9375
92.25
84.3125
77.625
72.0625
67.75
64.5
62.1875
60.5625
59.5625
58.9375
58.5625
58.3125
58.1875
57.9375
57.625
57.25
56.6875
56.0625
55.3125
54.625
53.875
53.1875
53.3125
59.125
75.3125
95.75
116.8125
133.0
137.1875
131.625
122.25
112.3125
102.8125
93.8125
85.5625
78.1875
72.0
66.9375
63.0625
60.25
58.125
56.875
56.1875
55.875
55.8125
55.8125
55.8125
55.8125
55.6875
55.5625
55.3125
54.9375
54.5625
54.125
53.5625
52.9375
52.8125
57.0
71.75
91.8125
112.5625
129.875
136.0625
131.8125
123.0625
113.5625
104.25
95.5625
87.5625
80.5625
74.5625
69.875
66.25
63.5625
61.5625
60.25
59.4375
59.0625
58.9375
58.875
58.875
58.75
58.625
58.375
58.0625
57.625
57.125
56.625
56.125
55.875
58.875
72.25
93.75
117.4375
138.5625
148.125
145.625
137.6875
128.25
118.75
109.4375
100.4375
91.9375
84.1875
77.75
72.5
68.5
65.625
63.75
62.5625
62.0625
61.875
61.8125
61.8125
61.6875
61.4375
61.0625
60.5
59.75
59.0
58.25
57.5625
56.9375
58.4375
68.375
88.625
112.4375
135.4375
148.5625
148.3125
140.8125
131.25
121.5
111.9375
102.6875
93.875
85.9375
79.1875
73.625
69.4375
66.3125
64.1875
62.8125
62.125
61.6875
61.5
61.4375
61.3125
61.0625
60.75
60.25
59.625
58.9375
58.1875
57.375
56.625
56.0625
56.75
64.5625
82.5
104.4375
126.8125
141.5
143.3125
136.5
126.875
116.9375
107.1875
97.875
89.1875
81.4375
74.875
69.4375
65.25
62.1875
60.0
58.625
57.8125
57.375
57.0625
57.0625
57.0625
56.9375
56.6875
56.4375
56.0625
55.5
54.8125
54.125
53.5
52.75
52.1875
53.5625
63.3125
81.75
101.9375
121.6875
133.3125
132.9375
125.0
115.0
105.0625
95.8125
87.25
79.625
73.0625
67.875
63.75
60.6875
58.375
56.875
55.9375
55.4375
55.1875
55.0625
54.9375
54.9375
54.875
54.75
54.625
54.3125
54.0625
53.6875
53.3125
52.8125
52.375
53.9375
64.375
83.9375
105.1875
126.0
137.75
136.875
128.625
118.625
108.75
99.625
91.125
83.3125
76.75
71.375
67.25
64.25
62.25
60.8125
59.9375
59.4375
59.25
59.1875
59.125
59.0
58.8125
58.5625
58.125
57.75
57.125
56.625
56.1875
55.75
57.3125
67.5
87.875
111.6875
135.0
148.5625
148.9375
141.9375
132.875
123.4375
114.0
104.75
95.875
87.625
80.5
74.6875
70.125
66.75
64.5
63.0
62.1875
61.9375
61.75
61.75
61.6875
61.5
61.1875
60.75
60.125
59.375
58.625
57.9375
57.3125
57.5
63.25
80.0625
102.75
126.5625
144.375
148.625
143.0
134.0625
124.625
115.3125
106.0625
97.125
88.6875
81.375
75.1875
70.3125
66.6875
64.25
62.6875
61.75
61.25
61.0625
61.125
61.0
60.9375
60.6875
60.3125
59.6875
59.0625
58.3125
57.5625
56.8125
56.125
56.0625
60.625
75.8125
97.1875
119.75
137.875
143.375
138.1875
128.9375
119.0
109.375
100.0
91.1875
83.125
76.1875
70.5
65.875
62.5
60.0
58.4375
57.4375
56.9375
56.6875
56.625
56.625
56.625
56.5
56.1875
55.875
55.375
54.75
54.125
53.5625
52.8125
52.1875
52.875
60.3125
77.5
97.0
116.8125
130.4375
132.375
125.625
115.9375
106.0
96.75
88.0625
80.3125
73.625
68.0625
63.8125
60.5625
58.1875
56.5625
55.625
55.0
54.75
54.5625
54.625
54.5625
54.5
54.375
54.25
54.125
53.875
53.625
53.25
52.875
52.625
54.0625
63.5625
82.875
104.375
125.6875
138.6875
138.9375
131.4375
121.625
111.75
102.3125
93.5625
85.5625
78.75
73.0625
68.6875
65.5
63.1875
61.625
60.625
59.9375
59.5625
59.375
59.25
59.125
58.875
58.625
58.1875
57.6875
57.1875
56.625
56.1875
55.75
56.3125
63.125
81.125
104.25
128.375
145.75
149.6875
144.1875
135.5625
126.375
117.1875
108.125
99.25
90.8125
83.3125
77.0625
72.0625
68.25
65.5625
63.8125
62.6875
62.125
61.9375
61.875
61.75
61.5625
61.375
60.9375
60.4375
59.75
59.0
58.1875
57.5
56.875
58.6875
69.5625
90.125
113.875
136.4375
148.4375
147.4375
139.875
130.5625
121.125
111.75
102.625
93.8125
85.875
79.0
73.375
68.9375
65.625
63.5
62.125
61.375
61.0625
61.0
60.9375
60.9375
60.75
60.375
60.0
59.375
58.625
57.8125
57.125
56.375
55.8125
57.0
66.0
84.4375
105.6875
126.75
139.625
140.125
132.9375
123.375
113.625
104.125
94.9375
86.5
78.9375
72.625
67.5
63.5625
60.6875
58.6875
57.5
56.75
56.4375
56.3125
56.3125
56.1875
56.125
55.875
55.5625
55.0625
54.5625
54.0
53.4375
52.8125
52.1875
52.3125
57.1875
72.3125
91.625
111.5
127.6875
132.75
127.5625
118.0625
108.0
98.4375
89.6875
81.75
74.9375
69.25
64.75
61.3125
58.875
57.125
55.9375
55.3125
55.0
54.75
54.625
54.5625
54.5
54.5
54.375
54.25
54.1875
54.1875
54.3125
54.375
54.8125
57.6875
69.375
88.9375
110.3125
129.9375
139.5
137.375
129.25
119.5
109.9375
100.875
92.5
84.875
78.1875
72.8125
68.5
65.375
63.1875
61.6875
60.6875
60.125
59.8125
59.6875
59.5
59.25
59.0
58.6875
58.25
57.75
57.25
56.75
56.3125
56.0
58.9375
72.0625
93.8125
118.3125
140.5
150.875
148.6875
140.875
131.5625
122.0625
112.5625
103.3125
94.4375
86.4375
79.625
74.0
69.6875
66.5
64.375
63.0625
62.375
62.125
61.9375
61.9375
61.9375
61.6875
61.375
60.875
60.25
59.5
58.625
57.875
57.1875
57.4375
63.625
80.9375
103.6875
127.375
144.6875
148.8125
143.1875
134.25
124.8125
115.3125
105.875
96.875
88.5625
81.25
75.125
70.25
66.6875
64.25
62.625
61.625
61.125
60.875
60.875
60.9375
60.6875
60.5
60.125
59.5625
58.875
58.1875
57.375
56.5625
55.875
55.875
60.5625
75.875
97.125
119.4375
137.4375
143.0
138.0
128.625
118.5625
108.75
99.1875
90.4375
82.4375
75.625
70.0625
65.5625
62.125
59.75
58.125
57.25
56.6875
56.5
56.375
56.25
56.25
56.0625
55.75
55.4375
55.0
54.4375
53.875
53.1875
52.5625
51.875
51.5
54.5625
67.1875
86.125
105.875
123.875
132.1875
129.3125
120.4375
110.4375
100.75
91.875
83.75
76.5625
70.5625
65.6875
61.9375
59.1875
57.1875
55.8125
55.1875
54.6875
54.5625
54.4375
54.3125
54.25
54.25
54.1875
54.0
53.8125
53.5
53.25
52.75
52.25
51.8125
53.0625
62.4375
81.0625
101.3125
121.5
134.25
135.0625
128.25
119.25
109.9375
100.8125
92.375
84.5625
77.75
72.1875
67.875
64.5625
62.25
60.6875
59.625
59.125
58.875
58.875
58.875
58.8125
58.6875
58.5625
58.1875
57.8125
57.3125
56.8125
56.3125
55.6875
55.9375
61.75
78.375
100.75
124.75
143.375
148.875
144.3125
135.8125
126.5625
117.25
108.125
99.1875
90.6875
83.125
76.875
71.8125
68.0
65.25
63.5
62.4375
61.875
61.6875
61.625
61.625
61.5
61.25
60.8125
60.1875
59.4375
58.625
57.875
57.125
56.5625
57.8125
67.25
86.8125
110.1875
133.1875
147.0625
147.5625
140.5
131.125
121.6875
112.3125
103.125
94.375
86.3125
79.375
73.625
69.25
65.9375
63.625
62.1875
61.4375
60.9375
60.8125
60.6875
60.625
60.5
60.125
59.6875
59.125
58.5
57.6875
56.9375
56.3125
55.625
55.9375
62.3125
79.25
100.5625
122.8125
139.0
142.5625
136.5
127.25
117.5
108.125
99.0
90.4375
82.5625
75.9375
70.5
66.0625
62.875
60.5
58.875
57.8125
57.1875
56.75
56.5
56.375
56.25
56.0
55.5625
55.125
54.625
54.0
53.3125
52.75
52.0
51.4375
52.125
59.625
76.6875
96.375
116.375
130.5
132.9375
126.375
116.75
106.8125
97.375
88.6875
80.9375
74.125
68.5
63.9375
60.5
58.0625
56.25
55.25
54.5625
54.3125
54.1875
54.125
54.125
54.1875
54.0625
54.0
53.75
53.5
53.125
52.6875
52.25
51.6875
51.875
57.375
73.0625
92.5
112.3125
128.0
132.625
127.625
118.8125
109.5625
100.6875
92.5625
84.9375
78.1875
72.6875
68.1875
64.8125
62.375
60.5625
59.375
58.5625
58.125
58.0
57.9375
57.8125
57.6875
57.5625
57.25
56.9375
56.5
56.0625
55.625
55.1875
55.1875
59.625
74.6875
96.3125
119.9375
139.8125
147.5
143.9375
135.8125
126.6875
117.375
108.125
99.0625
90.625
83.0
76.6875
71.625
67.6875
64.875
63.0
61.875
61.25
60.875
60.9375
60.8125
60.6875
60.5
60.1875
59.6875
59.0
58.3125
57.625
57.0
56.5625
58.9375
70.8125
91.625
115.0
136.625
147.3125
145.5
137.5625
128.0625
118.5
109.125
100.125
91.625
83.875
77.3125
71.9375
67.75
64.8125
62.8125
61.5625
60.9375
60.5625
60.5
60.4375
60.375
60.125
59.8125
59.375
58.75
58.0625
57.25
56.5625
55.875
55.5
57.6875
69.0625
88.9375
111.25
132.125
142.8125
141.125
132.9375
123.1875
113.3125
103.8125
94.75
86.3125
79.0
72.8125
67.6875
63.8125
61.0625
59.125
57.8125
57.0625
56.6875
56.5
56.4375
56.3125
56.1875
55.875
55.5
55.0
54.3125
53.6875
53.0
52.375
51.8125
52.125
58.0
74.125
93.5625
113.5
128.8125
132.625
126.875
117.4375
107.625
98.3125
89.5625
81.6875
74.75
69.0
64.4375
60.9375
58.4375
56.5625
55.4375
54.75
54.375
54.25
54.125
54.0
53.875
53.9375
53.75
53.5625
53.3125
53.0625
52.75
52.25
51.8125
52.75
60.875
78.8125
99.1875
119.875
133.9375
135.6875
129.0
119.5
109.75
100.5
92.0625
84.3125
77.5
71.9375
67.5
64.25
61.8125
60.1875
59.0625
58.5
58.25
58.1875
58.125
58.0625
58.0
57.875
57.5625
57.125
56.75
56.25
55.8125
55.3125
56.375
64.9375
83.9375
106.75
129.875
144.9375
146.75
140.375
131.4375
122.0
112.625
103.5
94.6875
86.6875
79.625
74.0625
69.625
66.3125
64.125
62.625
61.75
61.25
61.0
60.875
60.8125
60.625
60.3125
59.9375
59.375
58.6875
58.0
57.375
56.6875
56.9375
62.75
79.625
102.0625
125.75
143.625
148.125
142.6875
133.8125
124.375
115.125
105.9375
96.9375
88.5
81.0625
74.9375
69.875
66.25
63.6875
62.0
61.0
60.4375
60.25
60.1875
60.1875
60.0625
59.875
59.5
59.0625
58.4375
57.8125
57.0
56.3125
55.6875
55.5
58.9375
72.4375
93.1875
115.6875
135.1875
143.0
139.25
130.375
120.5625
110.875
101.5625
92.6875
84.5
77.375
71.4375
66.75
63.0625
60.5
58.6875
57.5625
56.9375
56.625
56.4375
56.375
56.25
56.0
55.75
55.375
55.0
54.375
53.875
53.25
52.5
51.875
51.625
54.6875
67.625
86.875
107.0625
125.5
133.5625
130.5
121.6875
111.75
102.125
93.1875
84.9375
77.6875
71.5625
66.625
62.75
59.875
57.8125
56.375
55.625
55.125
54.8125
54.75
54.625
54.4375
54.4375
54.3125
54.125
53.9375
53.625
53.375
53.0
52.6875
52.75
55.9375
68.8125
89.125
110.6875
130.3125
139.125
136.25
127.75
117.9375
108.375
99.25
90.9375
83.3125
76.875
71.625
67.4375
64.5
62.375
60.9375
60.0
59.5625
59.3125
59.1875
59.0625
58.875
58.5625
58.3125
57.9375
57.5
56.9375
56.5
56.0625
55.5
56.1875
63.5
81.8125
104.8125
128.9375
145.875
149.25
143.5625
135.0625
126.0
117.0
108.125
99.1875
90.8125
83.3125
77.0625
71.9375
68.0
65.25
63.4375
62.25
61.5625
61.3125
61.125
61.0625
60.9375
60.6875
60.25
59.75
59.125
58.5
57.75
57.0625
56.5
57.0625
64.5625
82.875
105.625
128.9375
144.9375
147.5625
141.5
132.625
123.4375
114.3125
105.1875
96.3125
88.125
81.0
74.9375
70.125
66.375
63.6875
61.875
60.6875
59.8125
59.25
58.875
58.5
58.1875
57.6875
57.0625
56.4375
55.8125
55.0625
54.3125
53.5625
52.875
52.125
52.4375
58.9375
76.1875
97.25
119.0
135.5625
139.5
133.875
124.5
114.6875
105.1875
96.1875
87.6875
79.9375
73.375
68.0625
63.875
60.75
58.5625
57.0625
56.1875
55.875
55.8125
55.75
55.75
55.8125
55.6875
55.5
55.3125
55.0
54.5625
54.0625
53.5
52.9375
52.3125
53.4375
62.3125
80.3125
99.875
119.25
131.25
131.75
124.75
115.625
106.6875
98.1875
90.375
83.125
76.6875
71.3125
67.1875
64.125
61.9375
60.3125
59.1875
58.625
58.3125
58.125
58.125
58.0625
57.875
57.8125
57.625
57.25
56.8125
56.375
55.875
55.375
55.375
59.4375
74.125
95.5
118.5
138.1875
146.0
142.625
134.5625
125.5
116.375
107.375
98.4375
90.125
82.625
76.375
71.3125
67.5
64.6875
62.875
61.6875
61.0625
60.75
60.625
60.5625
60.4375
60.375
60.0
59.5625
59.0625
58.4375
57.75
57.0625
56.5625
57.6875
66.6875
85.6875
108.375
131.0625
145.25
146.375
139.5625
130.375
121.0625
111.875
103.0
94.375
86.3125
79.375
73.6875
69.1875
65.8125
63.625
62.125
61.1875
60.6875
60.5625
60.4375
60.375
60.25
60.0
59.625
59.125
58.5
57.6875
56.9375
56.25
55.625
55.75
61.125
77.0
98.125
120.5
138.125
143.25
138.0
128.8125
118.875
109.0625
99.625
90.9375
82.875
76.0
70.1875
65.6875
62.375
59.9375
58.375
57.4375
56.9375
56.625
56.625
56.625
56.5625
56.4375
56.25
55.875
55.375
54.8125
54.0625
53.375
52.625
51.9375
52.4375
59.3125
75.75
94.875
114.4375
128.6875
131.4375
125.1875
115.6875
105.875
96.5625
88.125
80.5
73.875
68.5
64.125
60.9375
58.5
56.75
55.5
54.875
54.5
54.3125
54.25
54.1875
54.125
54.0
53.875
53.6875
53.5
53.125
52.8125
52.5
52.125
53.1875
61.125
79.25
100.0
121.125
135.5
137.5
130.875
121.25
111.3125
101.8125
93.0625
85.0625
78.25
72.625
68.125
64.8125
62.6875
61.0625
59.9375
59.5
59.25
59.0
58.8125
58.6875
58.375
58.125
57.75
57.25
56.6875
56.25
55.8125
55.375
55.625
60.6875
76.5625
98.5625
122.0625
141.1875
147.75
143.625
135.5
126.375
117.375
108.4375
99.5625
91.125
83.5625
77.1875
71.9375
67.9375
65.0625
63.1875
62.0625
61.5625
61.125
60.875
61.0625
60.9375
60.8125
60.5
60.0
59.375
58.75
57.9375
57.25
56.625
57.1875
64.375
82.375
104.875
128.0625
144.25
147.1875
141.125
132.0625
122.625
113.1875
104.0625
95.1875
87.125
80.1875
74.375
69.75
66.25
63.875
62.3125
61.4375
60.875
60.6875
60.5
60.4375
60.25
60.0625
59.6875
59.1875
58.5625
57.875
57.1875
56.4375
55.6875
55.3125
58.375
70.875
90.625
111.875
130.9375
139.625
136.8125
128.4375
118.8125
109.125
99.8125
91.0625
83.125
76.25
70.4375
65.9375
62.4375
59.9375
58.25
57.1875
56.5
56.0625
55.9375
55.8125
55.75
55.5625
55.3125
55.0
54.6875
54.125
53.625
53.0625
52.4375
51.875
51.5
54.1875
66.125
84.4375
103.25
121.25
130.3125
128.375
120.0625
110.0
100.25
91.4375
83.4375
76.25
70.3125
65.5625
61.9375
59.3125
57.3125
55.875
55.0625
54.5625
54.3125
54.1875
54.1875
54.125
54.0625
53.9375
53.6875
53.5625
53.1875
52.875
52.5625
52.125
52.0625
55.6875
69.5
89.75
110.875
129.75
137.625
134.125
125.375
115.5
106.0
97.0625
88.875
81.5625
75.3125
70.4375
66.6875
63.9375
62.0
60.8125
59.9375
59.5
59.25
59.125
58.875
58.6875
58.5
58.0625
57.6875
57.1875
56.75
56.25
55.8125
55.5625
57.9375
69.875
90.5
113.75
136.0625
147.8125
146.9375
139.6875
130.6875
121.4375
112.25
103.25
94.5625
86.75
79.9375
74.375
69.9375
66.75
64.5
63.0625
62.25
61.75
61.625
61.4375
61.3125
61.125
60.875
60.375
59.8125
59.125
58.375
57.6875
57.0625
57.0
61.5625
76.875
98.75
122.0625
141.125
147.625
143.375
134.875
125.4375
116.125
106.875
97.875
89.5625
82.3125
76.25
71.25
67.625
64.9375
63.0625
62.0
61.375
60.9375
60.75
60.6875
60.5
60.3125
59.9375
59.5625
58.9375
58.25
57.5
56.8125
56.1875
55.875
58.1875
69.75
89.5625
111.125
131.3125
141.3125
139.25
130.8125
121.0
110.9375
101.375
92.6875
84.5
77.375
71.5625
66.9375
63.25
60.6875
58.875
57.75
57.0625
56.625
56.375
56.375
56.25
56.125
55.9375
55.5
55.1875
54.6875
54.125
53.4375
52.9375
52.25
51.75
53.0625
62.3125
79.9375
98.875
117.8125
129.5625
129.9375
122.5
112.5625
102.6875
93.8125
85.4375
78.0625
71.9375
66.9375
63.0
60.0625
57.9375
56.25
55.25
54.875
54.5625
54.375
54.4375
54.3125
54.1875
54.125
54.0
53.8125
53.625
53.375
53.0625
52.75
52.5
53.625
61.8125
79.9375
100.5625
121.375
135.4375
136.9375
129.9375
120.3125
110.5
101.125
92.6875
85.0
78.25
72.75
68.5
65.1875
63.0
61.4375
60.375
59.8125
59.5625
59.375
59.1875
59.0625
58.875
58.625
58.25
57.8125
57.3125
56.8125
56.375
55.9375
55.875
59.3125
73.0625
94.4375
117.875
138.8125
148.1875
145.875
138.25
129.1875
120.0625
111.0625
102.0625
93.5
85.6875
79.1875
73.75
69.5625
66.5
64.4375
63.1875
62.5
62.125
61.9375
61.8125
61.6875
61.4375
61.0625
60.625
60.0
59.25
58.5
57.875
57.1875
57.1875
62.1875
78.1875
100.3125
123.8125
142.625
148.375
143.6875
134.9375
125.5625
116.25
107.125
98.3125
89.9375
82.625
76.4375
71.4375
67.625
65.0
63.1875
62.125
61.5
61.25
61.1875
61.125
61.0
60.8125
60.4375
60.0
59.4375
58.6875
58.0
57.3125
56.6875
56.25
58.125
68.875
88.125
109.4375
129.5625
140.125
138.6875
130.75
121.125
111.375
101.9375
93.1875
85.0
77.875
72.0
67.1875
63.5625
60.875
59.125
58.0625
57.5
57.0
56.8125
56.6875
56.5625
56.375
56.25
55.875
55.4375
54.9375
54.3125
53.6875
53.125
52.5
52.25
55.75
68.875
87.5
106.6875
123.875
131.0625
127.6875
118.8125
108.875
99.375
90.6875
82.875
75.9375
70.1875
65.5
62.0
59.375
57.4375
56.125
55.3125
54.9375
54.75
54.6875
54.625
54.6875
54.6875
54.625
54.4375
54.25
53.875
53.5
53.1875
52.8125
53.375
59.625
76.4375
96.9375
117.9375
134.0
137.8125
132.0
122.5625
112.75
103.25
94.5
86.5
79.625
73.8125
69.3125
65.9375
63.5625
61.875
60.8125
60.1875
59.875
59.6875
59.4375
59.3125
59.0625
58.6875
58.3125
57.9375
57.3125
56.875
56.4375
56.0
56.25
61.625
78.0
100.5
124.375
143.375
149.5
145.1875
136.875
127.5625
118.375
109.1875
100.25
91.8125
84.3125
78.0
72.875
69.0
66.125
64.25
63.125
62.5625
62.25
62.1875
62.0625
62.0
61.75
61.375
60.875
60.1875
59.4375
58.6875
58.0625
57.5625
59.4375
70.375
90.8125
113.9375
135.875
147.5625
146.5625
139.0
129.8125
120.4375
111.1875
102.125
93.5625
85.8125
79.125
73.625
69.375
66.3125
64.1875
62.75
62.0
61.625
61.4375
61.375
61.375
61.1875
60.875
60.5625
60.0625
59.4375
58.625
57.9375
57.1875
56.6875
57.4375
65.3125
83.25
104.6875
126.1875
140.375
141.9375
135.0625
125.5625
115.8125
106.375
97.25
88.6875
81.25
74.9375
69.6875
65.75
62.75
60.625
59.125
58.25
57.75
57.3125
57.3125
57.1875
57.0
56.75
56.5
56.125
55.625
55.0
54.375
53.625
53.0
52.6875
55.0625
66.5625
84.9375
104.4375
122.6875
132.0
130.0
121.6875
111.9375
102.125
93.0625
85.0
77.75
71.5625
66.75
62.9375
60.1875
58.1875
56.875
55.8125
55.375
55.1875
55.0
55.0
54.9375
54.875
54.6875
54.625
54.3125
53.9375
53.5625
53.1875
52.75
52.5625
55.5625
68.3125
87.625
107.375
125.5625
134.0
131.5625
123.5625
114.375
105.3125
96.875
89.0
81.75
75.6875
70.8125
67.0625
64.25
62.25
60.875
60.0625
59.5
59.3125
59.25
59.125
59.0
58.9375
58.75
58.375
58.0625
57.625
57.1875
56.75
56.6875
60.5
74.9375
96.5
119.9375
140.0625
148.1875
145.0
137.0625
127.875
118.6875
109.625
100.625
92.25
84.6875
78.3125
73.0625
69.125
66.3125
64.4375
63.25
62.5625
62.3125
62.25
62.25
62.125
61.9375
61.625
61.25
60.625
59.875
59.25
58.5625
58.1875
61.1875
74.375
95.9375
119.5625
140.4375
149.5
146.5625
138.375
129.0625
119.75
110.5
101.4375
92.875
85.125
78.625
73.25
69.25
66.375
64.5
63.3125
62.6875
62.375
62.3125
62.25
62.125
61.9375
61.5
61.125
60.4375
59.6875
58.875
58.125
57.375
57.0
59.3125
71.0
91.1875
113.4375
133.875
143.875
141.875
133.5625
123.875
114.125
104.8125
95.875
87.625
80.375
74.3125
69.4375
65.6875
63.0
61.0
59.8125
58.9375
58.4375
58.0625
58.0
57.8125
57.5625
57.3125
56.8125
56.4375
55.9375
55.3125
54.625
54.0
53.25
53.0625
56.375
69.625
88.75
108.75
126.625
134.1875
130.8125
121.8125
111.9375
102.1875
93.1875
85.0625
77.9375
71.8125
66.9375
63.1875
60.4375
58.5
57.1875
56.1875
55.75
55.625
55.5
55.5
55.375
55.25
55.1875
55.1875
54.9375
54.5
54.0625
53.6875
53.25
52.75
54.5625
64.875
83.5625
103.25
122.4375
133.375
133.0
125.625
116.375
107.0625
98.25
90.25
82.875
76.6875
71.6875
67.8125
64.875
62.75
61.375
60.4375
59.875
59.625
59.5625
59.375
59.375
59.1875
59.0
58.6875
58.3125
57.8125
57.3125
56.875
56.5
57.5
66.0625
85.25
108.0
131.1875
146.1875
148.0
141.6875
132.875
123.5625
114.375
105.3125
96.5625
88.4375
81.25
75.5
70.8125
67.4375
65.125
63.6875
62.875
62.5
62.375
62.375
62.3125
62.1875
61.875
61.4375
60.9375
60.1875
59.5
58.75
58.1875
58.1875
62.875
78.25
100.3125
123.875
142.8125
149.0625
144.4375
135.8125
126.1875
116.6875
107.3125
98.4375
90.0625
82.6875
76.6875
71.8125
68.125
65.5
63.8125
62.8125
62.3125
62.125
62.0
61.875
61.8125
61.5
61.125
60.6875
60.0625
59.3125
58.5625
57.875
57.125
56.875
60.0
73.0
93.375
115.5
135.0
143.4375
140.4375
132.0
122.25
112.5
103.125
94.125
85.9375
78.875
73.0625
68.375
64.8125
62.125
60.25
59.125
58.5
58.1875
57.875
57.6875
57.625
57.4375
57.125
56.75
56.25
55.75
55.1875
54.375
53.6875
53.125
53.0625
57.4375
71.875
91.0625
110.9375
127.75
133.625
129.0
119.8125
109.8125
100.25
91.375
83.4375
76.4375
70.6875
66.125
62.625
60.0625
58.1875
57.0
56.3125
55.8125
55.625
55.625
55.5
55.375
55.3125
55.125
54.9375
54.6875
54.3125
53.8125
53.4375
53.0
52.875
56.8125
70.875
90.4375
110.4375
127.8125
134.6875
131.125
122.625
113.1875
104.0
95.375
87.4375
80.5625
74.875
70.1875
66.6875
64.125
62.25
60.875
60.125
59.6875
59.4375
59.375
59.375
59.25
59.125
58.875
58.5
58.0625
57.5625
57.125
56.625
56.5
59.6875
73.0
94.1875
117.5625
138.5
147.875
145.5625
137.75
128.5
119.0625
109.875
100.9375
92.4375
84.8125
78.4375
73.125
69.1875
66.375
64.5
63.375
62.75
62.5
62.375
62.375
62.25
62.0625
61.625
61.125
60.5
59.75
59.0
58.3125
57.875
59.625
70.3125
90.75
114.125
136.3125
148.3125
147.3125
139.5
129.9375
120.4375
111.125
102.0625
93.5625
85.8125
79.25
73.8125
69.625
66.4375
64.4375
63.0625
62.3125
62.0
61.8125
61.8125
61.6875
61.5625
61.1875
60.8125
60.25
59.625
58.875
58.125
57.375
56.875
58.1875
67.5
86.1875
107.625
128.625
141.0
141.0625
133.5
123.875
113.9375
104.4375
95.375
87.0625
79.75
73.5625
68.5625
64.6875
61.875
59.9375
58.75
58.0
57.6875
57.5
57.375
57.125
57.0
56.8125
56.375
56.0625
55.625
55.0625
54.4375
53.875
53.3125
53.1875
56.75
70.0625
89.0
108.625
125.75
132.5625
128.6875
119.3125
109.0625
99.4375
90.75
82.875
76.0625
70.375
65.875
62.375
59.8125
58.0
56.75
56.0625
55.5
55.375
55.25
55.25
55.1875
55.125
55.0625
54.875
54.6875
54.6875
54.625
54.625
54.875
56.3125
64.0
81.4375
102.0625
122.75
136.8125
138.6875
132.0625
122.5
112.75
103.6875
95.125
87.3125
80.5
74.8125
70.3125
67.0625
64.6875
62.9375
61.8125
61.0
60.5625
60.25
60.125
59.875
59.75
59.4375
59.0625
58.6875
58.3125
57.875
57.5
57.0625
57.375
63.625
80.9375
103.625
127.625
145.8125
150.6875
145.6875
137.125
127.9375
118.625
109.3125
100.3125
91.8125
84.3125
78.0625
73.0625
69.125
66.4375
64.6875
63.5625
63.0
62.75
62.6875
62.625
62.5
62.3125
61.9375
61.4375
60.8125
60.0625
59.375
58.625
58.0
58.75
66.8125
85.6875
108.625
131.6875
146.6875
148.5
141.8125
132.5625
122.875
113.5
104.3125
95.5625
87.5625
80.625
74.9375
70.375
67.125
64.875
63.4375
62.5
62.0625
61.75
61.5625
61.5
61.375
61.0625
60.6875
60.1875
59.5625
58.9375
58.1875
57.5625
56.875
56.9375
61.1875
75.5
95.875
117.4375
135.4375
141.8125
137.25
127.875
117.875
108.125
98.9375
90.25
82.5
75.8125
70.25
66.0
62.75
60.5
58.9375
58.125
57.5625
57.4375
57.25
57.125
57.0
56.875
56.625
56.3125
55.9375
55.375
54.9375
54.3125
53.75
53.25
53.375
58.9375
74.4375
93.3125
112.625
127.6875
131.25
125.3125
115.625
105.625
96.3125
88.0625
80.4375
74.0625
68.75
64.6875
61.5625
59.1875
57.625
56.6875
56.0
55.5625
55.5
55.375
55.3125
55.1875
55.1875
55.0
55.0
54.9375
55.0625
55.375
55.5625
56.0625
58.875
70.375
89.6875
110.4375
129.5625
139.125
137.25
129.3125
119.6875
110.25
101.25
92.875
85.375
78.8125
73.5625
69.4375
66.4375
64.1875
62.75
61.6875
61.125
60.875
60.625
60.4375
60.3125
60.0625
59.75
59.4375
58.9375
58.5625
58.0625
57.6875
57.4375
59.8125
71.9375
93.375
117.3125
139.625
150.8125
149.125
141.5
132.5
123.3125
114.125
105.125
96.375
88.375
81.5
75.875
71.4375
68.1875
65.9375
64.5
63.75
63.3125
63.1875
63.0625
62.9375
62.6875
62.375
61.9375
61.3125
60.625
59.8125
59.125
58.4375
58.375
63.0
78.875
101.5
125.5
144.75
150.6875
145.75
136.8125
127.0625
117.5
108.25
99.375
91.0625
83.5625
77.4375
72.5
68.75
66.0625
64.3125
63.25
62.75
62.5
62.375
62.3125
62.125
61.9375
61.5
60.9375
60.3125
59.625
58.875
58.0625
57.375
56.9375
59.125
70.4375
90.1875
111.75
132.0
142.125
140.125
131.75
122.0
112.125
102.625
93.75
85.5625
78.5625
72.625
67.9375
64.3125
61.6875
59.9375
58.8125
58.25
57.9375
57.75
57.6875
57.625
57.375
57.125
56.8125
56.375
55.75
55.3125
54.75
54.125
53.5625
53.125
55.1875
66.1875
84.9375
104.6875
123.5625
133.125
131.1875
122.5
112.25
102.375
93.4375
85.3125
78.1875
72.1875
67.3125
63.5625
60.8125
58.9375
57.5625
56.875
56.375
56.0
56.0
55.875
55.875
55.8125
55.6875
55.5
55.3125
54.875
54.625
54.3125
54.0625
54.1875
58.5
73.5625
94.625
116.375
134.75
141.25
136.75
127.625
117.6875
108.125
99.125
90.875
83.4375
77.1875
72.25
68.5625
65.875
64.0
62.6875
61.875
61.4375
61.1875
61.0
60.75
60.5
60.25
59.875
59.5
59.0
58.5
58.0
57.5
57.5
61.75
77.125
100.125
124.75
145.25
152.6875
148.75
140.3125
131.0
121.75
112.625
103.8125
95.1875
87.4375
80.75
75.375
71.125
68.125
66.0625
64.75
64.0
63.625
63.5625
63.4375
63.3125
63.125
62.75
62.25
61.625
60.875
60.1875
59.375
58.8125
59.9375
69.0625
89.0
112.6875
135.875
149.75
150.1875
143.0
133.75
124.125
114.6875
105.5
96.5625
88.375
81.375
75.625
71.0
67.75
65.4375
64.0625
63.1875
62.8125
62.6875
62.625
62.5625
62.375
62.125
61.6875
61.1875
60.5625
59.8125
59.0
58.25
57.625
57.75
63.3125
79.75
101.4375
124.0625
141.1875
145.4375
139.625
130.1875
120.125
110.3125
101.0625
92.25
84.3125
77.5
71.875
67.5625
64.1875
61.875
60.3125
59.375
58.8125
58.5625
58.3125
58.125
58.0
57.8125
57.4375
57.0625
56.6875
56.125
55.5
54.875
54.375
53.75
53.75
58.4375
73.375
92.875
113.0
129.625
134.9375
129.9375
120.375
110.3125
100.625
91.9375
84.0
77.0
71.25
66.6875
63.1875
60.75
58.9375
57.6875
57.0
56.625
56.5
56.3125
56.25
56.1875
56.0625
55.9375
55.8125
55.6875
55.1875
54.8125
54.5
54.0
53.75
56.3125
68.9375
89.75
111.5625
131.9375
141.5
138.8125
130.0
119.9375
110.125
100.875
92.4375
84.875
78.4375
73.1875
69.25
66.375
64.3125
62.875
62.125
61.5625
61.375
61.25
61.0625
60.9375
60.625
60.375
59.875
59.375
58.9375
58.4375
58.0
57.5
58.5625
67.5
87.3125
111.125
135.0
150.0
151.3125
144.625
135.6875
126.5625
117.5
108.4375
99.625
91.3125
84.0625
78.0
73.125
69.5
67.0
65.4375
64.375
63.875
63.625
63.625
63.5
63.25
62.875
62.375
61.8125
61.0625
60.3125
59.5625
59.0
58.625
62.0
75.875
98.25
122.6875
143.8125
152.3125
148.75
140.3125
130.75
121.25
111.9375
102.8125
94.125
86.3125
79.6875
74.375
70.1875
67.25
65.3125
64.0
63.4375
63.125
63.0
62.9375
62.875
62.6875
62.375
61.875
61.3125
60.5
59.75
58.9375
58.1875
57.8125
60.125
72.0625
92.5625
115.1875
136.0
146.0
143.625
135.125
125.125
115.25
105.6875
96.625
88.25
80.8125
74.6875
69.75
66.0
63.3125
61.4375
60.25
59.625
59.1875
58.9375
58.875
58.75
58.5625
58.1875
57.875
57.3125
56.8125
56.1875
55.5
54.875
54.25
54.25
59.8125
75.875
95.8125
116.5
132.5
136.625
130.875
121.25
111.125
101.5625
92.75
84.75
77.75
71.9375
67.4375
63.875
61.25
59.4375
58.25
57.3125
57.0
56.8125
56.6875
56.625
56.5625
56.4375
56.375
56.25
55.875
55.625
55.1875
54.6875
54.25
55.0
62.625
80.6875
101.5625
122.625
137.1875
139.25
133.0
124.0
114.6875
105.625
97.125
89.1875
82.125
76.3125
71.625
68.0625
65.5
63.6875
62.375
61.625
61.25
61.0625
60.9375
60.875
60.75
60.5625
60.25
59.875
59.4375
58.9375
58.5
57.9375
58.9375
67.6875
87.375
111.125
135.0625
150.3125
152.0
145.625
136.6875
127.3125
117.9375
108.6875
99.6875
91.3125
84.0625
78.0
73.1875
69.6875
67.1875
65.5625
64.5625
63.9375
63.75
63.625
63.5625
63.375
63.125
62.625
62.0
61.25
60.5
59.75
59.125
59.4375
66.125
84.25
107.5625
131.4375
148.25
151.4375
145.25
136.1875
126.6875
117.1875
107.9375
98.875
90.4375
83.125
77.0625
72.25
68.75
66.25
64.625
63.6875
63.25
63.0625
62.9375
62.875
62.6875
62.375
61.875
61.3125
60.6875
60.0
59.1875
58.5
57.875
58.25
64.8125
82.3125
104.5
127.25
143.5625
146.4375
139.875
130.1875
120.125
110.375
101.0625
92.25
84.25
77.5
72.0
67.625
64.375
62.125
60.5625
59.6875
59.125
58.8125
58.6875
58.5625
58.375
58.125
57.8125
57.375
56.8125
56.125
55.5
54.8125
54.25
53.6875
54.8125
63.5625
81.75
101.75
121.5
134.0
134.5
126.875
116.8125
106.8125
97.4375
89.0
81.3125
74.75
69.5
65.3125
62.1875
59.9375
58.4375
57.4375
56.9375
56.6875
56.625
56.5
56.5
56.375
56.25
56.0
55.75
55.375
54.9375
54.5625
54.125
53.75
55.5625
66.5625
86.375
107.75
128.6875
140.25
139.0
130.75
120.625
110.75
101.5625
92.9375
85.25
78.625
73.375
69.125
66.125
64.0
62.5
61.5625
61.0
60.8125
60.625
60.5
60.375
60.25
59.875
59.5625
59.1875
58.75
58.1875
57.6875
57.25
58.375
67.4375
87.125
110.375
133.9375
148.9375
150.375
143.8125
134.6875
125.4375
116.25
107.125
98.1875
89.875
82.6875
76.625
71.875
68.375
66.0
64.375
63.625
63.1875
63.0625
62.9375
62.875
62.75
62.375
61.9375
61.3125
60.625
59.875
59.125
58.375
58.3125
62.5
77.9375
100.3125
123.875
143.5
150.375
146.0625
137.3125
127.75
118.1875
108.75
99.625
91.0625
83.5625
77.3125
72.3125
68.5
65.875
64.125
63.0625
62.5
62.3125
62.125
62.125
62.0
61.75
61.375
60.875
60.3125
59.6875
58.9375
58.1875
57.625
57.3125
60.5
73.375
93.125
114.4375
133.4375
141.5625
138.5
129.9375
120.0625
110.25
100.8125
92.0625
84.0
77.1875
71.5
66.9375
63.5
61.0625
59.4375
58.4375
57.9375
57.6875
57.625
57.5
57.375
57.25
57.0
56.625
56.25
55.6875
55.1875
54.625
54.0
53.4375
53.8125
60.4375
76.875
96.0625
115.5625
129.9375
132.5
125.9375
116.125
106.0625
96.75
88.375
80.8125
74.3125
69.0625
64.875
61.8125
59.5
57.9375
57.0
56.375
56.1875
56.0625
55.875
55.8125
55.75
55.625
55.5
55.3125
55.0625
54.8125
54.5625
54.3125
54.4375
58.125
71.9375
92.5625
113.9375
132.9375
140.6875
137.3125
128.6875
118.875
109.1875
100.1875
91.75
84.25
77.8125
72.6875
68.875
66.0
64.0625
62.75
61.9375
61.375
61.1875
61.0625
60.8125
60.5625
60.3125
59.875
59.375
58.875
58.375
57.8125
57.3125
57.5
62.5
78.75
101.5625
125.8125
145.5
152.0
147.75
139.4375
130.3125
120.9375
111.625
102.5
93.875
86.0625
79.5625
74.25
70.125
67.25
65.375
64.1875
63.5
63.3125
63.1875
63.1875
63.0625
62.875
62.375
61.875
61.1875
60.375
59.625
58.9375
58.5
60.625
72.25
93.125
116.5
138.1875
149.125
147.4375
139.4375
129.9375
120.4375
111.125
102.0625
93.5625
85.8125
79.25
73.875
69.75
66.75
64.75
63.4375
62.75
62.375
62.1875
62.0625
62.0
61.875
61.5
61.0625
60.5
59.8125
59.0
58.3125
57.5625
57.125
59.75
71.75
91.5625
112.875
132.4375
141.5
138.9375
130.375
120.5
110.5625
101.3125
92.375
84.25
77.3125
71.625
66.9375
63.4375
61.0
59.3125
58.375
57.8125
57.5625
57.4375
57.4375
57.3125
57.1875
57.0
56.625
56.1875
55.625
55.125
54.5
53.9375
53.3125
53.375
58.25
73.3125
92.3125
111.5625
127.3125
131.9375
126.75
117.25
107.3125
97.9375
89.4375
81.8125
75.125
69.5625
65.3125
62.0625
59.6875
58.0
57.0
56.4375
56.0
55.8125
55.6875
55.625
55.5
55.375
55.25
55.0625
54.75
54.5
54.25
53.8125
53.4375
54.5625
63.3125
82.1875
103.4375
124.625
138.1875
139.0
131.6875
121.875
111.9375
102.625
93.9375
86.125
79.3125
73.8125
69.5
66.4375
64.1875
62.625
61.6875
61.0625
60.875
60.6875
60.5625
60.375
60.1875
59.875
59.5
58.9375
58.4375
58.0
57.5
57.125
58.4375
68.0
88.0625
111.625
135.0
149.1875
149.9375
143.25
134.3125
125.0
115.75
106.625
97.8125
89.8125
82.875
77.0625
72.4375
68.9375
66.625
64.9375
63.9375
63.375
63.0625
62.875
62.625
62.5
62.125
61.6875
61.125
60.5
59.75
59.0625
58.4375
58.5625
63.75
80.125
102.8125
126.5625
145.0
150.3125
145.125
136.125
126.5
116.875
107.5
98.4375
90.125
82.875
76.8125
72.0625
68.5
65.9375
64.3125
63.375
62.75
62.4375
62.25
62.1875
62.0
61.75
61.3125
60.8125
60.1875
59.4375
58.6875
57.875
57.3125
57.25
61.9375
77.0625
97.8125
119.375
136.75
142.0625
137.0
127.75
117.6875
108.0625
98.75
90.25
82.5
75.9375
70.5
66.25
63.0625
60.9375
59.4375
58.5625
58.1875
58.0
57.9375
57.75
57.625
57.4375
57.125
56.6875
56.1875
55.625
55.0
54.4375
53.75
53.25
54.75
64.6875
82.8125
102.25
121.0
131.9375
131.125
123.0625
113.0
103.125
94.0625
85.9375
78.75
72.625
67.75
63.9375
61.125
59.125
57.6875
56.8125
56.375
56.125
55.9375
55.875
55.8125
55.75
55.625
55.5625
55.3125
55.125
54.75
54.3125
53.9375
53.8125
57.3125
71.5
92.0625
113.4375
132.375
140.0
136.1875
127.0
117.0
107.3125
98.25
89.9375
82.5
76.3125
71.375
67.625
65.0625
63.1875
61.9375
61.3125
60.875
60.8125
60.6875
60.6875
60.5
60.25
59.9375
59.5
59.0
58.4375
58.0625
57.5
57.625
62.3125
78.25
100.875
125.25
145.1875
151.9375
147.75
139.25
129.9375
120.4375
111.25
102.1875
93.6875
86.0625
79.625
74.375
70.4375
67.5625
65.625
64.5625
63.9375
63.625
63.5
63.4375
63.25
63.0
62.5625
62.0625
61.375
60.625
59.8125
59.125
58.6875
60.75
72.4375
93.4375
117.1875
139.125
150.0625
148.1875
140.0625
130.5
120.875
111.625
102.625
94.0625
86.375
79.875
74.5
70.3125
67.3125
65.1875
63.875
63.1875
62.75
62.625
62.5
62.375
62.125
61.8125
61.375
60.75
60.125
59.375
58.625
57.875
57.25
57.8125
65.0625
82.875
104.4375
126.4375
141.25
143.1875
136.25
126.625
116.5625
106.875
97.5625
88.9375
81.25
74.8125
69.625
65.5625
62.6875
60.6875
59.375
58.6875
58.375
58.1875
58.125
58.0625
57.9375
57.6875
57.375
57.0625
56.5625
55.9375
55.25
54.625
53.9375
53.5
54.5
63.125
80.5625
99.75
118.875
130.9375
131.6875
124.3125
114.5
104.75
95.6875
87.375
79.9375
73.5625
68.4375
64.5
61.5
59.3125
57.8125
56.9375
56.375
56.1875
56.0
55.875
55.8125
55.8125
55.6875
55.5625
55.3125
55.0
54.625
54.25
53.9375
53.5
54.875
64.6875
83.9375
105.0
125.9375
138.25
138.0
130.125
120.1875
110.3125
101.0
92.5
84.8125
78.3125
73.0625
69.0625
66.125
64.0625
62.625
61.6875
61.25
60.9375
60.75
60.5
60.3125
59.9375
59.625
59.1875
58.6875
58.125
57.625
57.25
56.8125
58.0625
67.375
87.1875
110.375
133.625
148.0625
149.1875
142.4375
133.5
124.125
114.875
105.75
97.125
89.125
82.1875
76.4375
71.875
68.5625
66.1875
64.6875
63.6875
63.25
63.0
62.8125
62.6875
62.5625
62.1875
61.6875
61.1875
60.5
59.875
59.125
58.5
58.4375
62.9375
78.5625
101.0
124.5625
143.5
149.5625
144.9375
136.25
126.75
117.3125
107.9375
98.875
90.4375
83.0625
76.875
71.9375
68.25
65.625
64.0
63.0
62.5
62.1875
62.1875
62.125
62.0
61.75
61.375
60.9375
60.375
59.625
58.875
58.25
57.5
57.3125
60.5
73.125
92.5625
113.625
132.25
140.375
137.375
128.9375
119.125
109.375
100.1875
91.375
83.375
76.5
70.875
66.375
63.0
60.625
59.0625
58.1875
57.75
57.625
57.625
57.625
57.5625
57.5
57.25
56.9375
56.5
55.9375
55.375
54.75
54.125
53.5
53.8125
59.9375
75.8125
94.75
114.0625
128.5
131.6875
125.5625
115.6875
105.6875
96.375
88.125
80.5625
74.0625
68.8125
64.75
61.6875
59.4375
57.875
56.9375
56.4375
56.125
55.9375
55.8125
55.6875
55.5625
55.5
55.3125
55.1875
54.9375
54.75
54.625
54.6875
55.0
58.125
70.5
90.1875
111.375
130.8125
140.0
137.75
129.5625
119.75
110.1875
101.125
92.625
85.0625
78.6875
73.375
69.25
66.375
64.3125
62.9375
62.0
61.5
61.1875
60.9375
60.75
60.5
60.1875
59.8125
59.375
58.875
58.375
57.9375
57.5
57.25
59.9375
72.4375
93.875
117.6875
139.875
150.75
149.125
141.5625
132.625
123.3125
113.875
104.8125
95.9375
87.9375
81.0625
75.5
71.1875
68.0
65.8125
64.4375
63.625
63.25
63.0
62.8125
62.75
62.5
62.1875
61.75
61.125
60.4375
59.75
59.0
58.3125
58.1875
61.875
76.5
98.5
122.0625
141.9375
149.375
145.5625
137.0625
127.5
118.0
108.75
99.6875
91.3125
83.8125
77.5625
72.5
68.75
66.0
64.1875
63.0625
62.5
62.1875
62.0625
61.9375
61.75
61.5625
61.1875
60.8125
60.1875
59.5625
58.75
58.0625
57.4375
56.875
57.6875
65.625
83.3125
104.25
125.3125
139.0
140.25
133.1875
123.5625
113.625
104.125
95.1875
86.9375
79.6875
73.4375
68.5
64.6875
61.875
60.0
58.8125
58.125
57.8125
57.6875
57.5625
57.4375
57.25
57.0625
56.75
56.375
55.8125
55.3125
54.75
54.1875
53.5
52.9375
53.4375
60.5
77.0625
95.875
114.8125
128.3125
130.5625
123.875
114.1875
104.3125
95.1875
86.8125
79.4375
73.125
67.875
63.875
60.875
58.75
57.1875
56.375
55.8125
55.625
55.4375
55.375
55.25
55.125
55.0625
54.9375
54.8125
54.625
54.5625
54.4375
54.5
54.8125
56.8125
66.75
85.625
106.4375
126.6875
138.375
138.25
130.875
121.3125
111.6875
102.5
94.0625
86.3125
79.625
74.1875
69.875
66.75
64.5625
63.0
61.9375
61.3125
60.9375
60.75
60.4375
60.1875
59.8125
59.5
59.125
58.6875
58.25
57.75
57.375
56.8125
57.3125
63.75
81.25
103.8125
127.5625
145.3125
149.9375
144.875
136.5
127.4375
118.3125
109.25
100.25
91.875
84.375
78.0
72.9375
69.125
66.3125
64.5
63.375
62.8125
62.5625
62.5
62.375
62.25
62.0625
61.6875
61.1875
60.5625
59.875
59.125
58.4375
57.8125
58.25
65.1875
83.125
105.75
129.125
145.6875
148.875
142.9375
133.9375
124.5625
115.0625
105.875
97.0
88.875
81.6875
75.8125
71.1875
67.625
65.1875
63.5625
62.6875
62.125
61.875
61.75
61.625
61.5
61.25
60.875
60.4375
59.8125
59.125
58.4375
57.6875
57.0
56.625
58.6875
69.3125
88.0
108.75
128.5625
139.1875
138.1875
130.375
120.625
110.8125
101.3125
92.4375
84.3125
77.3125
71.5
66.875
63.3125
60.75
59.125
58.125
57.625
57.375
57.25
57.125
57.0
56.8125
56.5625
56.1875
55.8125
55.375
54.875
54.375
53.75
53.125
52.75
55.125
66.375
84.4375
103.25
121.0
130.0
128.0625
119.5625
109.5625
100.0
91.1875
83.375
76.4375
70.75
66.1875
62.6875
60.0
58.125
56.875
56.0625
55.6875
55.375
55.1875
55.0625
54.9375
54.8125
54.8125
54.75
54.75
54.875
55.125
55.5
55.75
56.6875
62.3125
77.625
97.5
118.0
134.0625
138.9375
134.25
125.3125
115.625
106.3125
97.6875
89.625
82.5625
76.5625
71.8125
68.125
65.5
63.5
62.1875
61.3125
60.75
60.5
60.25
60.0625
59.8125
59.5625
59.1875
58.8125
58.4375
58.0
57.5625
57.125
57.125
61.5
76.625
98.75
122.75
142.875
150.5625
146.9375
138.75
129.5
120.25
111.25
102.3125
93.75
86.125
79.625
74.3125
70.25
67.25
65.1875
63.8125
63.0625
62.75
62.625
62.5
62.4375
62.1875
61.875
61.4375
60.75
60.0625
59.3125
58.5625
57.875
58.25
64.5
81.625
103.75
126.75
143.75
147.8125
142.3125
133.3125
123.625
114.0625
104.9375
96.1875
88.125
81.1875
75.4375
70.75
67.375
65.0
63.375
62.4375
61.9375
61.75
61.5625
61.4375
61.3125
61.0625
60.6875
60.25
59.625
59.0
58.25
57.4375
56.75
56.5625
60.0625
73.4375
93.625
115.0
133.75
141.25
137.375
128.125
118.0625
108.1875
98.875
90.1875
82.375
75.8125
70.375
66.1875
63.0
60.75
59.1875
58.1875
57.6875
57.375
57.125
57.0625
56.875
56.5625
56.3125
55.875
55.4375
54.9375
54.375
53.75
53.125
52.5625
52.125
54.1875
64.8125
82.75
101.5
119.8125
129.875
128.75
120.6875
110.875
101.375
92.6875
84.6875
77.625
71.625
66.875
63.1875
60.375
58.375
56.9375
56.125
55.625
55.375
55.1875
55.0
54.875
54.6875
54.5625
54.375
54.1875
53.875
53.5625
53.25
52.875
52.4375
52.75
59.25
75.9375
95.9375
116.6875
132.8125
137.0
131.5
122.25
112.4375
103.125
94.5625
86.6875
79.75
74.1875
69.625
66.25
63.875
62.125
61.0
60.375
60.0
59.8125
59.6875
59.625
59.375
59.1875
58.9375
58.4375
58.0625
57.5625
57.0625
56.5625
56.25
58.5
70.0
90.4375
113.375
135.5625
147.5625
147.0
139.9375
131.0625
121.9375
112.875
103.875
95.125
87.25
80.5625
75.0
70.625
67.5
65.3125
63.875
63.0625
62.6875
62.4375
62.375
62.25
62.0625
61.6875
61.375
60.8125
60.0625
59.375
58.6875
58.0
57.5625
60.25
72.625
93.4375
116.5625
137.875
147.75
145.5
137.4375
128.0
118.5625
109.375
100.4375
92.0
84.5625
78.125
73.0
68.9375
66.0625
64.1875
63.0625
62.375
62.0
61.875
61.6875
61.625
61.375
61.0
60.625
60.125
59.5
58.8125
57.9375
57.125
56.4375
55.875
58.4375
70.5625
90.125
110.875
129.9375
138.6875
136.1875
128.0625
118.5
108.875
99.8125
91.25
83.5
76.6875
71.0
66.5625
63.125
60.8125
59.125
58.125
57.5625
57.25
57.0625
57.0
56.875
56.75
56.4375
56.1875
55.8125
55.3125
54.8125
54.1875
53.625
53.0
52.625
55.0625
66.5
84.25
102.5625
119.875
128.4375
126.25
117.75
107.9375
98.625
90.125
82.375
75.5625
70.0
65.5
62.125
59.5
57.75
56.5625
55.9375
55.5625
55.4375
55.5
55.875
56.1875
56.6875
57.3125
57.6875
58.0625
58.1875
58.1875
57.875
57.5
57.375
61.75
75.9375
95.3125
115.6875
132.5
138.6875
135.0
126.75
117.625
108.5625
99.75
91.6875
84.1875
77.8125
72.5625
68.4375
65.5
63.375
61.9375
61.0625
60.6875
60.5
60.375
60.3125
60.25
60.0
59.625
59.125
58.625
58.0
57.4375
56.9375
56.8125
61.0
75.875
97.6875
121.1875
141.375
149.0625
145.625
137.5
128.4375
119.25
110.1875
101.375
92.875
85.375
79.0
73.8125
69.75
66.875
64.875
63.625
62.9375
62.5
62.25
62.125
62.0
61.6875
61.25
60.8125
60.25
59.5
58.875
58.125
57.4375
57.1875
60.5
73.9375
94.75
117.5625
137.6875
146.5
143.6875
135.5625
126.25
117.125
108.0
99.125
90.75
83.1875
76.8125
71.5
67.5
64.4375
62.3125
60.8125
59.875
59.25
58.9375
58.6875
58.5
58.3125
57.9375
57.5625
57.0
56.4375
55.75
55.0625
54.375
53.875
53.6875
57.75
71.9375
91.5
111.8125
129.4375
136.25
132.1875
123.3125
113.5
103.8125
94.875
86.75
79.375
73.1875
68.1875
64.25
61.375
59.25
57.9375
57.125
56.6875
56.4375
56.375
56.3125
56.125
55.9375
55.8125
55.5625
55.25
54.875
54.4375
54.0
53.5
53.125
54.3125
63.375
81.0625
100.1875
119.0625
130.9375
131.5625
124.5625
115.4375
106.5
98.3125
90.625
83.625
77.5
72.375
68.3125
65.5
63.25
61.5
60.375
59.6875
59.3125
59.0625
59.0
58.875
58.8125
58.6875
58.4375
58.125
57.75
57.3125
56.875
56.5
56.4375
61.0
76.3125
97.75
120.75
139.9375
147.0
143.375
135.1875
126.0625
116.9375
108.0
99.3125
91.0
83.6875
77.5
72.5
68.75
66.0625
64.25
63.1875
62.5625
62.375
62.3125
62.1875
62.125
61.8125
61.5625
61.125
60.5
59.8125
59.125
58.4375
57.8125
58.8125
67.5
86.5
108.875
131.5
146.0
147.5625
141.0625
132.1875
122.75
113.5625
104.5
95.75
87.8125
80.875
75.25
70.6875
67.4375
65.125
63.625
62.75
62.3125
62.0625
61.875
61.75
61.625
61.3125
60.875
60.375
59.6875
59.125
58.3125
57.5625
56.9375
56.625
59.25
71.75
92.125
114.1875
134.3125
143.875
141.75
133.625
124.0
114.1875
104.8125
95.875
87.625
80.4375
74.4375
69.4375
65.625
62.75
60.8125
59.5
58.6875
58.375
57.9375
57.875
57.75
57.4375
57.1875
56.875
56.5
56.0
55.4375
54.8125
54.125
53.5
52.9375
52.9375
58.0625
73.125
91.8125
111.3125
127.375
132.625
127.875
118.8125
109.0
99.6875
91.25
83.5
76.5625
70.875
66.375
62.9375
60.3125
58.5625
57.25
56.5
56.125
55.8125
55.625
55.375
55.1875
55.0
54.8125
54.6875
54.375
54.0625
53.8125
53.375
52.9375
52.5
53.0
60.125
77.25
97.0
116.9375
131.75
135.0
129.5625
121.0
111.875
103.0
94.6875
87.0625
80.25
74.5
69.9375
66.5
64.0
62.1875
61.0
60.3125
60.0
59.8125
59.75
59.5625
59.375
59.1875
59.0
58.5625
58.125
57.6875
57.1875
56.6875
56.375
58.0625
68.4375
88.375
111.1875
133.75
146.9375
147.4375
140.5625
131.75
122.75
113.8125
105.0
96.4375
88.5625
81.6875
76.0
71.4375
68.1875
65.875
64.25
63.3125
62.875
62.625
62.4375
62.375
62.1875
61.8125
61.375
60.875
60.1875
59.5
58.8125
58.1875
57.75
59.75
70.875
91.1875
114.1875
136.0625
147.875
147.0625
139.8125
130.75
121.5625
112.375
103.375
94.6875
86.8125
80.125
74.625
70.3125
67.125
65.0
63.625
62.875
62.375
62.25
62.0625
61.875
61.625
61.3125
60.875
60.3125
59.6875
58.9375
58.25
57.5
56.8125
56.4375
59.0
71.1875
91.3125
113.125
133.125
142.875
140.9375
132.8125
123.25
113.6875
104.3125
95.5625
87.3125
80.125
74.0625
69.125
65.375
62.6875
60.8125
59.5625
58.9375
58.4375
58.1875
57.875
57.75
57.4375
57.0625
56.75
56.25
55.625
55.1875
54.625
53.9375
53.4375
52.875
53.6875
61.8125
79.4375
98.6875
118.1875
131.375
132.9375
126.1875
116.75
107.1875
98.125
89.8125
82.1875
75.625
70.125
65.8125
62.5
60.0625
58.3125
57.1875
56.625
56.25
56.0
55.8125
55.75
55.5625
55.5
55.3125
55.1875
54.875
54.5625
54.1875
53.75
53.3125
53.25
57.8125
72.75
92.3125
112.375
129.5625
136.0
132.4375
124.3125
115.1875
106.1875
97.625
89.75
82.5625
76.5
71.625
67.875
65.0
63.0
61.625
60.8125
60.375
60.1875
60.0625
59.875
59.75
59.5
59.3125
58.9375
58.5
58.0625
57.625
57.125
56.75
58.375
68.625
88.5625
111.4375
134.125
147.4375
148.125
141.4375
132.625
123.3125
114.1875
105.3125
96.6875
88.6875
81.8125
76.0625
71.5
68.1875
65.8125
64.375
63.4375
63.0625
62.8125
62.875
62.75
62.5625
62.1875
61.8125
61.25
60.5625
59.875
59.1875
58.5
58.1875
61.4375
74.8125
96.25
119.5
140.0625
148.875
145.9375
138.0
128.9375
119.75
110.75
102.0625
93.5625
85.875
79.375
74.125
70.0
67.0625
65.0
63.6875
62.9375
62.5
62.3125
62.125
61.9375
61.75
61.5
60.9375
60.4375
59.8125
59.0
58.25
57.5
56.9375
57.125
63.125
79.4375
100.3125
122.1875
138.75
142.875
137.4375
128.3125
118.5
109.0
99.9375
91.3125
83.4375
76.75
71.1875
66.875
63.5625
61.3125
59.8125
58.875
58.4375
58.1875
58.0625
57.875
57.75
57.5
57.1875
56.75
56.25
55.6875
55.1875
54.5625
53.875
53.3125
53.1875
57.0625
70.9375
89.875
109.1875
126.0625
132.5625
128.6875
119.8125
110.0625
100.6875
92.0625
84.25
77.375
71.5625
66.875
63.375
60.75
58.875
57.5625
56.8125
56.3125
56.125
55.9375
55.75
55.625
55.5
55.4375
55.3125
55.125
54.875
54.6875
54.375
54.25
54.5625
58.5625
72.625
92.8125
114.0
132.625
140.1875
136.625
128.0625
118.25
108.8125
99.9375
91.6875
84.25
77.875
72.75
68.8125
66.0625
64.0625
62.6875
61.8125
61.4375
61.0625
60.875
60.625
60.375
60.0625
59.625
59.3125
58.75
58.25
57.75
57.3125
56.9375
58.25
67.5625
87.125
110.0625
133.25
147.875
149.4375
143.125
134.4375
125.4375
116.375
107.4375
98.6875
90.5625
83.3125
77.375
72.625
68.9375
66.4375
64.875
63.9375
63.375
63.1875
63.0625
63.0
62.8125
62.5
62.0625
61.5
60.8125
60.0625
59.3125
58.5
58.0
59.5
69.875
89.9375
112.9375
135.1875
147.875
147.6875
140.5
131.3125
121.9375
112.8125
103.6875
95.0625
87.1875
80.4375
74.875
70.5625
67.4375
65.3125
63.8125
63.0
62.5
62.375
62.1875
61.9375
61.75
61.375
60.9375
60.4375
59.8125
59.0625
58.3125
57.4375
56.625
56.1875
59.5
72.9375
92.75
113.75
132.0625
139.875
136.75
128.375
118.875
109.4375
100.25
91.5
83.5625
76.75
71.125
66.5625
63.3125
60.875
59.3125
58.4375
57.9375
57.75
57.6875
57.625
57.5625
57.4375
57.1875
56.8125
56.4375
56.0
55.5
55.0
54.3125
53.6875
53.625
58.0
72.25
90.8125
109.75
125.625
131.0625
126.375
117.1875
107.1875
97.75
89.1875
81.5625
75.0
69.625
65.4375
62.25
59.9375
58.3125
57.3125
56.6875
56.4375
56.3125
56.25
56.125
56.1875
56.375
56.75
57.1875
57.5625
57.875
58.0
58.125
58.1875
59.625
67.9375
85.3125
105.625
125.875
138.625
139.9375
133.5625
124.5
115.0625
105.9375
97.5
89.4375
82.4375
76.4375
71.6875
68.0625
65.4375
63.6875
62.5
61.875
61.5
61.375
61.25
61.1875
61.0625
60.8125
60.4375
60.0
59.375
58.75
58.1875
57.625
58.4375
66.625
85.8125
109.25
133.125
148.9375
151.0625
144.6875
135.875
126.625
117.375
108.3125
99.375
91.0
83.6875
77.625
72.6875
69.125
66.625
65.0625
64.125
63.75
63.5625
63.4375
63.4375
63.25
62.9375
62.5
62.0
61.25
60.5
59.6875
58.9375
58.3125
59.0625
67.375
86.375
109.125
131.9375
146.8125
148.5
141.9375
132.8125
123.375
113.875
104.8125
96.0625
88.0625
81.125
75.375
70.9375
67.5625
65.3125
63.875
63.0625
62.5
62.25
62.0
61.6875
61.3125
60.75
60.0
59.0625
58.1875
57.25
56.25
55.375
54.625
54.0
55.25
64.6875
83.6875
104.75
125.625
138.5625
139.0
131.6875
121.9375
112.125
102.75
93.9375
85.8125
78.6875
72.75
67.9375
64.1875
61.5
59.75
58.5
57.9375
57.5625
57.4375
57.3125
57.25
57.125
56.9375
56.8125
56.5
56.125
55.75
55.25
54.625
54.125
53.6875
55.625
66.25
84.3125
103.0625
121.0
130.5
128.9375
120.8125
111.0625
101.625
92.9375
85.125
78.125
72.1875
67.4375
63.9375
61.4375
59.8125
59.0625
58.875
59.0625
59.375
59.8125
60.125
60.3125
60.375
60.1875
59.75
59.1875
58.625
57.9375
57.3125
56.8125
56.8125
61.875
77.5
98.375
120.625
138.5625
144.5625
140.375
132.0
122.625
113.1875
104.0625
95.4375
87.5625
80.6875
75.125
70.75
67.6875
65.5625
64.1875
63.25
62.6875
62.5
62.25
62.125
61.9375
61.75
61.3125
60.875
60.25
59.6875
59.125
58.5625
58.375
62.3125
76.75
98.625
122.5
142.8125
150.9375
147.5625
139.5
130.375
121.1875
112.0625
103.0625
94.4375
86.6875
80.125
74.6875
70.5625
67.5625
65.5625
64.3125
63.6875
63.375
63.25
63.0625
62.9375
62.75
62.375
61.875
61.25
60.5625
59.75
58.9375
58.1875
57.8125
60.125
72.0
92.6875
115.8125
137.25
147.875
145.9375
137.875
128.4375
118.8125
109.5625
100.625
92.25
84.6875
78.3125
73.0625
69.0
65.875
63.75
62.25
61.1875
60.5625
60.125
59.875
59.5625
59.3125
58.9375
58.5
57.9375
57.3125
56.5625
55.8125
55.125
54.375
54.0625
57.4375
70.8125
90.25
110.6875
129.125
136.9375
133.5625
124.8125
115.0
105.25
96.25
87.875
80.4375
74.0625
69.0625
65.125
62.125
60.0
58.625
57.8125
57.375
57.3125
57.1875
57.125
57.0
56.875
56.625
56.4375
56.0625
55.625
55.25
54.6875
54.125
53.6875
54.9375
63.875
81.875
101.4375
120.6875
132.4375
132.625
125.0625
115.5
106.0625
97.3125
89.4375
82.5
76.6875
71.875
68.25
65.625
63.875
62.625
61.75
61.1875
60.875
60.5
60.25
60.0625
59.75
59.5
59.1875
58.8125
58.3125
58.0
57.625
57.125
57.625
64.5
82.0
104.0625
127.125
143.75
147.5625
142.3125
133.9375
124.75
115.5625
106.5
97.75
89.75
82.8125
77.0
72.375
69.0
66.5625
64.9375
63.875
63.375
63.1875
63.125
63.0
62.875
62.5625
62.25
61.75
61.0625
60.4375
59.8125
59.1875
59.1875
64.4375
80.375
102.875
126.8125
145.375
150.8125
146.0625
137.625
128.25
118.875
109.625
100.75
92.375
85.0625
78.8125
73.8125
70.0
67.25
65.4375
64.25
63.625
63.25
63.125
62.9375
62.75
62.4375
62.125
61.5
61.0
60.3125
59.5
58.8125
58.0625
57.625
59.4375
70.25
90.25
112.6875
133.9375
145.3125
144.1875
136.375
126.75
117.0625
107.625
98.5625
90.0625
82.625
76.4375
71.3125
67.3125
64.4375
62.375
61.0
60.125
59.6875
59.375
59.125
58.9375
58.6875
58.25
58.0
57.4375
56.875
56.3125
55.6875
55.0
54.3125
53.8125
54.6875
62.875
80.5625
100.5
120.4375
133.75
135.0625
128.0
118.25
108.375
99.0625
90.5
82.625
75.875
70.3125
65.9375
62.625
60.125
58.5625
57.5625
57.125
56.9375
56.75
56.6875
56.625
56.5
56.3125
56.1875
55.875
55.5625
55.1875
54.8125
54.3125
53.8125
53.3125
54.3125
62.8125
80.8125
100.625
120.375
133.1875
134.3125
127.625
118.5625
109.4375
100.875
93.0625
85.8125
79.375
74.0
69.875
66.8125
64.5
62.875
61.75
61.125
60.625
60.375
60.1875
60.0625
59.875
59.625
59.4375
59.0625
58.6875
58.25
57.8125
57.3125
57.0
59.25
71.0625
91.8125
115.1875
137.3125
149.0
148.1875
141.0
132.0625
122.8125
113.5625
104.4375
95.875
87.9375
81.25
75.75
71.4375
68.375
66.25
64.9375
64.125
63.75
63.5
63.375
63.1875
63.0
62.625
62.125
61.5
60.8125
60.0625
59.3125
58.6875
58.6875
63.5625
79.4375
101.8125
125.625
144.5625
150.3125
145.625
137.125
127.875
118.625
109.4375
100.625
92.125
84.6875
78.4375
73.375
69.5
66.75
64.875
63.875
63.3125
63.0625
62.9375
62.8125
62.75
62.4375
62.0625
61.5625
60.9375
60.25
59.5
58.75
58.0
57.4375
58.8125
68.5625
87.9375
110.1875
131.875
144.5
144.4375
137.0
127.4375
117.75
108.25
99.25
90.75
83.25
76.9375
71.625
67.625
64.6875
62.5625
61.0625
60.1875
59.625
59.3125
59.125
59.0
58.8125
58.4375
58.0625
57.5
56.9375
56.1875
55.4375
54.75
54.0625
53.5
54.625
63.5625
81.625
101.375
121.1875
133.8125
134.4375
127.0625
117.25
107.375
98.125
89.6875
82.0
75.375
69.9375
65.6875
62.5
60.125
58.5625
57.625
57.125
56.8125
56.75
56.5625
56.5
56.3125
56.1875
56.0
55.6875
55.375
54.9375
54.5
54.0
53.5625
53.6875
59.0625
74.6875
94.25
114.125
130.0625
134.875
129.75
120.6875
111.25
102.5
94.375
87.0
80.3125
74.75
70.375
67.1875
64.8125
63.0625
61.875
61.125
60.8125
60.5
60.375
60.25
60.125
59.9375
59.6875
59.3125
58.8125
58.4375
58.0
57.625
57.3125
60.625
74.0625
95.5625
118.9375
139.8125
149.25
147.0625
139.375
130.375
121.125
111.9375
103.0625
94.4375
86.75
80.1875
75.0
70.875
67.9375
65.9375
64.75
64.0
63.625
63.5
63.375
63.25
63.0625
62.75
62.25
61.6875
60.9375
60.3125
59.5625
59.1875
60.875
71.4375
92.0
115.6875
138.4375
151.0
150.375
142.8125
133.5625
124.0625
114.75
105.5625
96.75
88.5625
81.5625
75.8125
71.3125
68.0625
65.875
64.6875
64.0
63.6875
63.5625
63.5
63.4375
63.25
63.0
62.5625
62.0
61.3125
60.5625
59.6875
58.9375
58.3125
59.0
66.625
84.625
106.625
128.9375
144.0
146.0625
139.3125
129.875
120.0625
110.4375
101.1875
92.4375
84.6875
78.0
72.5
68.1875
64.9375
62.625
61.125
60.25
59.8125
59.625
59.3125
59.3125
59.125
58.875
58.5
58.125
57.5
56.8125
56.1875
55.5
54.75
54.1875
55.375
64.375
82.6875
102.8125
122.8125
135.0625
135.25
127.6875
117.8125
107.875
98.625
90.1875
82.5
75.875
70.5
66.3125
63.1875
60.8125
59.25
58.1875
57.625
57.3125
57.25
57.0
56.875
56.75
56.625
56.4375
56.25
55.9375
55.625
55.1875
54.6875
54.3125
55.3125
64.25
82.875
103.5625
124.25
137.5625
138.5625
131.6875
122.3125
112.625
103.4375
94.875
87.0
80.1875
74.5625
70.125
66.9375
64.5625
63.0625
62.0
61.5625
61.375
61.25
61.1875
61.0625
60.9375
60.6875
60.375
59.9375
59.4375
58.875
58.375
57.875
58.625
66.5
85.5625
109.1875
133.3125
149.5
152.0
145.875
137.0
127.6875
118.25
109.0625
100.0625
91.75
84.5
78.4375
73.625
70.0
67.5
65.8125
64.8125
64.25
64.0
63.9375
63.875
63.6875
63.4375
63.0
62.375
61.6875
60.875
60.25
59.5
59.125
62.5
76.5625
98.625
122.5
143.0
151.125
147.5625
139.0625
129.625
120.125
110.875
101.8125
93.25
85.5625
79.0625
73.8125
69.875
67.0625
65.1875
64.0625
63.4375
63.25
63.0625
63.0
62.75
62.5625
62.1875
61.6875
61.0
60.3125
59.5625
58.75
58.0625
57.5625
58.5625
67.4375
86.4375
108.5625
130.4375
143.875
144.4375
137.0625
127.4375
117.5
107.9375
98.875
90.4375
82.9375
76.5625
71.5
67.5625
64.625
62.625
61.25
60.25
59.6875
59.25
58.9375
58.6875
58.4375
58.125
57.75
57.3125
56.6875
56.0625
55.4375
54.75
54.0
53.5625
55.375
65.9375
84.6875
104.5625
123.875
134.5625
133.625
125.5
115.5625
105.8125
96.6875
88.25
80.75
74.375
69.125
65.0625
62.0
59.875
58.3125
57.5
56.9375
56.8125
56.75
56.625
56.4375
56.375
56.25
56.0
55.75
55.375
55.0
54.5
54.0625
53.5
54.0625
61.25
78.25
97.6875
117.1875
131.0625
133.1875
126.5625
116.875
107.125
97.9375
89.6875
82.375
76.125
71.125
67.375
64.75
62.875
61.8125
61.25
61.0
60.875
60.875
60.6875
60.4375
60.1875
59.8125
59.5
59.0625
58.6875
58.375
58.0
57.5625
58.1875
64.875
82.5625
104.8125
127.875
144.625
148.25
142.5625
133.6875
124.25
115.0
106.0625
97.3125
89.1875
82.1875
76.375
71.8125
68.5
66.125
64.5625
63.6875
63.1875
63.0625
62.9375
62.875
62.75
62.625
62.25
61.75
61.125
60.4375
59.75
59.125
59.5625
66.375
84.6875
108.1875
132.25
149.0625
152.1875
145.9375
137.0
127.6875
118.375
109.125
100.1875
91.8125
84.375
78.25
73.125
69.4375
66.8125
65.0625
64.0
63.4375
63.1875
63.125
63.0
62.875
62.625
62.1875
61.75
61.0625
60.3125
59.5625
58.8125
58.0625
58.25
64.125
80.875
102.9375
126.0
143.4375
147.75
142.0625
132.8125
123.0625
113.4375
104.1875
95.4375
87.4375
80.4375
74.6875
70.25
66.875
64.5625
63.125
62.25
61.9375
61.875
61.8125
61.875
61.625
61.25
60.6875
60.0
59.0625
58.0
57.0
55.8125
54.875
54.125
54.8125
62.875
80.875
101.4375
122.4375
136.6875
138.5
131.625
121.875
111.875
102.25
93.375
85.1875
78.0625
72.25
67.5625
63.9375
61.4375
59.6875
58.5
57.875
57.5625
57.5
57.375
57.3125
57.125
57.0
56.6875
56.4375
56.0625
55.5625
55.1875
54.625
54.0
53.5625
55.8125
67.0625
85.4375
104.4375
122.3125
131.0
128.625
119.875
109.75
100.1875
91.4375
83.6875
76.8125
71.1875
66.6875
63.375
60.9375
59.25
58.25
57.875
58.0
58.3125
58.75
59.125
59.625
60.0
60.25
60.375
60.0625
59.5625
58.875
58.1875
57.5625
58.0
64.875
82.5
104.125
126.4375
142.0
145.125
139.1875
130.0625
120.5
111.0625
102.0
93.5
85.875
79.25
74.0
69.9375
67.125
65.125
63.9375
63.25
62.875
62.75
62.6875
62.5
62.375
62.0
61.5
61.0625
60.375
59.6875
59.125
58.625
59.6875
68.875
88.75
112.625
136.4375
151.25
152.3125
145.5
136.5
127.1875
118.0
108.875
100.0
91.75
84.5
78.4375
73.625
69.875
67.3125
65.75
64.6875
64.25
64.0
63.8125
63.6875
63.5
63.1875
62.75
62.1875
61.5
60.6875
59.9375
59.25
58.5
59.0625
66.3125
84.9375
108.3125
132.0625
148.3125
150.8125
144.25
134.875
125.1875
115.5625
106.1875
97.125
88.75
81.5625
75.75
70.875
67.25
64.6875
62.875
61.8125
61.1875
60.875
60.625
60.5625
60.375
60.0
59.5625
59.125
58.5
57.75
57.0
56.1875
55.4375
54.75
55.125
61.6875
78.875
99.5
120.625
135.9375
139.0
132.6875
123.125
113.125
103.625
94.75
86.5
79.3125
73.25
68.4375
64.625
61.9375
60.0
58.75
58.125
57.8125
57.625
57.625
57.5
57.4375
57.375
57.0625
56.875
56.5625
56.125
55.6875
55.1875
54.6875
54.25
56.6875
68.9375
88.625
109.1875
128.375
137.625
135.5625
127.4375
118.125
108.9375
100.125
91.9375
84.5
78.25
73.125
69.1875
66.1875
64.0625
62.625
61.6875
61.125
60.9375
60.8125
60.8125
60.6875
60.4375
60.3125
59.9375
59.625
59.0625
58.625
58.125
57.625
58.0625
64.9375
82.8125
105.6875
129.5
146.75
150.625
145.125
136.5625
127.25
118.0625
108.9375
100.0
91.5625
84.1875
78.125
73.1875
69.5
66.9375
65.375
64.375
63.9375
63.8125
63.8125
63.6875
63.625
63.375
62.9375
62.375
61.6875
60.9375
60.125
59.375
58.75
59.625
67.9375
87.1875
110.5625
134.25
149.25
150.6875
143.9375
134.6875
125.1875
115.6875
106.5
97.4375
89.1875
82.0625
76.1875
71.5625
68.25
65.875
64.5625
63.75
63.375
63.25
63.1875
63.125
62.875
62.5625
62.125
61.5625
60.875
60.1875
59.3125
58.5
57.8125
57.25
58.75
68.5625
88.0625
110.375
132.375
145.0625
144.8125
137.1875
127.5
117.375
107.6875
98.5
89.8125
82.125
75.75
70.625
66.625
63.8125
61.8125
60.5625
59.8125
59.4375
59.25
59.125
58.9375
58.6875
58.375
57.875
57.5
56.9375
56.375
55.6875
55.0
54.375
53.75
53.8125
58.875
74.5
94.25
114.625
131.125
136.125
130.8125
121.25
111.1875
101.5
92.625
84.5625
77.5
71.625
67.125
63.5625
60.9375
59.125
58.0625
57.375
57.125
57.0625
56.9375
56.8125
56.6875
56.625
56.4375
56.25
55.9375
55.5625
55.1875
54.6875
54.125
53.75
55.6875
66.625
86.0
106.5
126.25
137.1875
136.5625
129.3125
120.375
111.0
102.25
93.8125
86.25
79.8125
74.375
70.1875
66.9375
64.6875
63.0625
62.0
61.375
61.125
60.9375
60.875
60.8125
60.5625
60.4375
60.1875
59.8125
59.3125
58.875
58.375
57.9375
58.4375
65.75
84.0625
107.25
131.375
148.375
151.875
146.0
137.0625
127.6875
118.4375
109.3125
100.375
92.0
84.6875
78.5
73.6875
70.0
67.4375
65.8125
64.75
64.25
64.0
63.875
63.75
63.625
63.3125
62.875
62.25
61.5625
60.75
60.0
59.375
58.9375
61.0
72.5
93.4375
117.0625
139.3125
150.625
149.1875
141.5
132.3125
122.875
113.5
104.25
95.4375
87.4375
80.625
75.0625
70.6875
67.5625
65.5
64.25
63.5625
63.25
63.125
63.0625
63.0
62.8125
62.5
62.0625
61.5625
60.9375
60.1875
59.5
58.75
58.125
58.1875
63.5
79.5
101.375
124.3125
142.1875
147.25
141.9375
132.5625
122.75
113.125
103.8125
94.875
86.75
79.8125
74.0625
69.5
66.0
63.5
61.8125
60.8125
60.1875
59.875
59.6875
59.5625
59.3125
59.0
58.625
58.125
57.625
56.9375
56.25
55.5
54.8125
54.125
53.8125
57.5
71.4375
91.3125
112.0
130.25
137.5
133.625
124.5625
114.625
104.8125
95.875
87.6875
80.375
74.1875
69.125
65.3125
62.3125
60.25
59.0
58.125
57.6875
57.5625
57.4375
57.375
57.1875
57.0625
56.9375
56.6875
56.375
56.0
55.625
55.1875
54.6875
54.1875
55.0625
63.0625
81.375
101.9375
122.625
136.5
137.9375
131.3125
122.25
113.125
104.375
96.125
88.5
81.6875
76.0625
71.625
68.25
65.75
63.9375
62.6875
62.0
61.5625
61.4375
61.25
61.0625
60.875
60.625
60.375
60.0
59.5625
59.125
58.6875
58.125
58.0625
61.625
75.875
98.0
122.3125
143.5
152.3125
149.25
141.3125
132.125
122.875
113.6875
104.625
95.9375
88.0
81.375
75.9375
71.6875
68.625
66.5625
65.25
64.5625
64.1875
64.0625
64.0
63.8125
63.625
63.25
62.9375
62.25
61.5
60.8125
60.125
59.5
60.375
68.625
87.875
111.8125
135.875
151.4375
152.9375
146.0625
136.8125
127.125
117.6875
108.5625
99.625
91.375
84.3125
78.3125
73.5625
70.0
67.5625
66.0
65.0
64.5
64.1875
63.9375
63.75
63.4375
63.0
62.5
61.875
61.25
60.5625
59.875
59.0625
58.4375
58.375
62.625
77.625
99.5
123.0
142.0625
148.375
143.6875
134.5
124.5625
114.8125
105.375
96.375
88.0625
80.875
74.875
69.9375
66.375
63.75
62.0
61.0
60.4375
60.0625
59.9375
59.8125
59.5625
59.25
58.9375
58.4375
57.875
57.3125
56.625
55.9375
55.25
54.625
54.625
59.5625
75.0
95.375
116.4375
133.5
138.8125
133.5625
124.125
114.125
104.4375
95.4375
87.1875
79.8125
73.75
68.75
64.9375
62.1875
60.25
59.0625
58.3125
58.0
57.75
57.625
57.5
57.4375
57.25
57.125
57.0
56.6875
56.375
55.9375
55.4375
54.9375
54.9375
59.3125
74.5625
95.4375
117.0625
135.125
141.75
137.625
128.8125
119.0625
109.5625
100.625
92.25
84.75
78.3125
73.125
69.125
66.375
64.4375
63.125
62.5
62.125
62.125
62.0625
62.0
61.8125
61.625
61.3125
60.875
60.3125
59.8125
59.25
58.6875
58.5
62.0
76.1875
98.625
123.4375
144.875
153.75
150.625
142.5625
133.375
124.1875
115.0
105.9375
97.1875
89.25
82.5
76.9375
72.6875
69.4375
67.3125
65.9375
65.1875
64.75
64.5
64.375
64.1875
63.875
63.5
62.9375
62.25
61.5
60.75
60.0
59.4375
60.5625
69.8125
89.75
113.5625
137.0625
151.1875
151.6875
144.4375
135.1875
125.875
116.5625
107.4375
98.5
90.25
83.1875
77.3125
72.625
69.125
66.75
65.25
64.3125
63.8125
63.625
63.4375
63.3125
63.1875
62.875
62.4375
61.875
61.25
60.5
59.75
58.9375
58.375
58.75
65.375
82.9375
105.1875
127.8125
143.8125
146.75
140.375
130.9375
120.875
111.3125
101.875
92.9375
84.875
78.0625
72.5
68.125
64.875
62.625
61.125
60.3125
59.9375
59.6875
59.625
59.5
59.3125
59.0
58.75
58.3125
57.6875
57.0
56.375
55.75
55.0625
54.5
55.4375
63.875
81.6875
101.75
121.875
134.875
135.6875
128.3125
118.5
108.625
99.3125
90.6875
82.9375
76.1875
70.75
66.4375
63.1875
60.75
59.1875
58.1875
57.6875
57.4375
57.3125
57.1875
57.125
57.0625
56.9375
56.8125
56.5
56.3125
55.9375
55.5625
55.125
54.8125
56.6875
67.875
88.5
110.75
132.125
143.25
141.5625
133.125
123.1875
113.25
103.9375
95.25
87.375
80.6875
75.125
70.9375
67.875
65.6875
64.1875
63.25
62.75
62.5
62.25
62.0
61.8125
61.5
61.125
60.5625
60.0625
59.5
59.0625
58.4375
58.0625
59.875
70.6875
91.75
116.125
139.5625
152.5
152.0625
144.75
135.75
126.5
117.25
108.125
99.25
91.0
83.875
77.9375
73.25
69.8125
67.4375
65.9375
65.0
64.5625
64.3125
64.25
64.0625
63.8125
63.4375
62.875
62.25
61.5
60.75
60.0625
59.375
59.375
64.625
81.0
104.0
128.25
147.3125
152.9375
147.8125
139.0
129.375
119.75
110.1875
101.0
92.375
84.875
78.5625
73.5625
69.75
67.0625
65.3125
64.3125
63.8125
63.5
63.4375
63.3125
63.1875
62.9375
62.5625
62.0625
61.4375
60.625
59.875
59.0
58.25
57.9375
60.8125
73.875
94.6875
117.1875
137.1875
145.8125
142.625
133.875
123.875
113.875
104.3125
95.25
87.0
79.75
73.8125
69.0625
65.4375
62.75
61.0
59.9375
59.3125
59.0
58.875
58.75
58.5625
58.4375
58.125
57.75
57.25
56.625
56.0
55.375
54.6875
54.1875
54.25
59.75
75.5625
95.3125
115.75
131.6875
136.0
130.125
120.375
110.1875
100.625
91.75
83.8125
76.9375
71.25
66.75
63.25
60.8125
59.0
57.9375
57.25
57.0
56.8125
56.75
56.6875
56.6875
56.5625
56.5
56.25
55.875
55.5625
55.1875
54.6875
54.0625
54.4375
60.75
77.5
97.8125
118.625
134.4375
138.4375
133.25
124.3125
114.75
105.4375
96.75
88.6875
81.6875
75.8125
71.0625
67.5
64.9375
63.1875
62.0625
61.5
61.25
61.25
61.1875
61.1875
61.0625
60.875
60.5
60.0625
59.5
59.0
58.4375
57.875
58.25
64.4375
81.9375
105.0625
129.3125
147.25
151.6875
146.375
137.8125
128.5625
119.25
109.9375
100.8125
92.25
84.6875
78.5625
73.625
70.0
67.375
65.75
64.75
64.1875
64.0
63.9375
63.875
63.75
63.4375
63.0
62.4375
61.6875
60.9375
60.125
59.375
59.1875
63.5
78.75
101.0
124.9375
144.5625
151.3125
146.9375
138.1875
128.5
119.0625
109.75
100.8125
92.375
84.9375
78.6875
73.625
69.6875
66.9375
65.25
64.1875
63.6875
63.375
63.25
63.125
62.875
62.6875
62.25
61.6875
61.0625
60.3125
59.5
58.75
58.0
57.6875
60.375
73.125
93.8125
116.3125
136.5
145.5625
142.5
133.625
123.5625
113.5
103.9375
94.9375
86.75
79.5
73.625
68.875
65.3125
62.75
60.9375
59.9375
59.3125
58.9375
58.6875
58.5
58.375
58.125
57.75
57.375
56.9375
56.375
55.75
55.125
54.5
53.875
53.5625
56.1875
68.4375
87.3125
106.9375
125.25
133.875
131.3125
122.5
112.5
102.8125
93.9375
85.75
78.5625
72.5625
67.8125
64.0625
61.375
59.375
58.0625
57.3125
56.875
56.625
56.375
56.25
56.0625
56.0
55.875
55.75
55.5
55.25
54.875
54.4375
54.0
53.5
55.125
65.625
85.0625
105.6875
126.3125
138.25
138.125
130.6875
121.0625
111.25
102.0
93.5
85.8125
79.375
73.875
69.75
66.625
64.5
63.0
62.0625
61.5
61.25
61.125
60.9375
60.75
60.5
60.3125
60.0
59.5625
59.0625
58.5
58.0
57.5
58.25
66.25
85.125
108.0625
131.9375
148.25
151.0625
144.875
136.0
126.5625
117.25
108.125
99.25
91.0
83.75
77.8125
73.0625
69.5625
67.125
65.5625
64.5625
64.0625
63.75
63.625
63.5
63.25
63.0
62.5625
62.0625
61.3125
60.5625
59.8125
59.125
58.8125
62.0625
75.625
97.375
121.0625
141.75
150.4375
147.25
138.8125
129.375
119.9375
110.625
101.625
93.0625
85.4375
79.0
73.75
69.75
66.875
65.0625
63.875
63.25
62.9375
62.875
62.75
62.6875
62.3125
62.0
61.5
60.875
60.125
59.3125
58.625
57.875
57.25
58.1875
66.5625
84.8125
106.375
127.9375
141.8125
142.875
135.6875
126.0625
116.1875
106.5625
97.3125
88.8125
81.125
74.8125
69.6875
65.75
62.875
61.0
59.875
59.1875
58.875
58.6875
58.5625
58.375
58.125
57.75
57.4375
57.0
56.4375
55.875
55.3125
54.75
54.0625
53.5625
54.0
60.75
77.375
96.9375
116.5625
130.875
133.375
126.75
116.9375
106.9375
97.75
89.375
81.75
75.25
69.9375
65.6875
62.5625
60.0625
58.375
57.4375
56.8125
56.5625
56.375
56.3125
56.1875
56.125
56.0625
56.0
55.8125
55.5625
55.25
54.9375
54.5
54.1875
55.0625
62.8125
81.0625
102.1875
123.75
138.375
140.625
134.0
124.4375
114.5625
105.1875
96.4375
88.4375
81.4375
75.625
71.125
67.6875
65.375
63.6875
62.625
62.0
61.6875
61.5
61.375
61.125
60.875
60.5
60.0625
59.625
59.0625
58.5
58.0625
57.625
57.75
63.375
80.3125
103.4375
127.875
146.9375
152.5
147.8125
139.5
130.25
120.9375
111.75
102.75
94.125
86.4375
79.9375
74.6875
70.6875
67.875
66.0
64.8125
64.25
63.9375
63.875
63.75
63.6875
63.375
63.0
62.4375
61.75
61.0
60.1875
59.5
58.8125
59.875
68.875
88.5625
111.8125
134.8125
148.9375
149.75
142.625
133.3125
123.9375
114.5625
105.3125
96.4375
88.375
81.375
75.625
71.125
67.875
65.625
64.25
63.4375
63.0625
62.9375
62.8125
62.8125
62.625
62.3125
61.875
61.375
60.75
60.0
59.3125
58.5625
57.875
57.9375
63.1875
79.0625
100.375
122.5625
139.875
144.5625
139.0
129.5
119.5625
109.875
100.5625
91.75
83.8125
77.0625
71.5
67.1875
63.875
61.625
60.125
59.25
58.8125
58.625
58.5
58.4375
58.3125
58.0
57.6875
57.3125
56.8125
56.1875
55.625
54.9375
54.1875
53.5625
53.625
58.5625
73.625
92.875
112.6875
128.8125
133.6875
128.5625
119.0625
109.125
99.625
91.0
83.1875
76.375
70.875
66.4375
63.125
60.5625
58.875
57.8125
57.1875
56.75
56.5625
56.375
56.1875
56.0
55.875
55.6875
55.4375
55.1875
54.875
54.5625
54.0625
53.625
53.5
57.5625
72.0625
92.25
113.0
130.875
137.875
134.3125
126.0
116.5625
107.3125
98.5625
90.4375
83.125
77.0
72.0625
68.1875
65.4375
63.375
62.125
61.3125
61.0
60.9375
60.9375
60.8125
60.75
60.5625
60.25
59.875
59.375
58.9375
58.3125
57.75
57.3125
59.3125
70.5625
91.375
115.0
137.5625
149.625
149.0625
141.8125
132.875
123.6875
114.375
105.25
96.375
88.375
81.4375
75.8125
71.4375
68.25
66.125
64.8125
64.0625
63.75
63.6875
63.6875
63.5625
63.375
63.0
62.4375
61.8125
61.125
60.3125
59.5
58.8125
58.9375
64.9375
82.25
104.9375
128.5625
146.0
150.1875
144.625
135.8125
126.4375
117.25
108.0
99.0625
90.6875
83.3125
77.25
72.375
68.8125
66.1875
64.5625
63.625
63.125
62.875
62.75
62.625
62.5
62.1875
61.6875
61.25
60.5625
59.875
59.125
58.375
57.625
57.25
59.9375
72.3125
92.5625
114.6875
134.8125
144.0625
141.625
133.0625
123.125
113.25
103.8125
94.8125
86.625
79.4375
73.4375
68.5625
64.9375
62.3125
60.5625
59.5
58.8125
58.5
58.3125
58.125
58.0
57.8125
57.625
57.25
56.75
56.125
55.5625
54.875
54.3125
53.625
53.375
56.3125
68.875
87.75
107.4375
125.375
133.4375
130.4375
121.6875
111.75
102.0625
93.25
85.25
78.125
72.1875
67.5
63.875
61.125
59.125
57.875
57.0
56.5625
56.3125
56.125
56.0
55.9375
55.8125
55.6875
55.5
55.25
54.9375
54.625
54.25
53.75
53.375
55.8125
67.375
86.75
107.1875
126.5625
136.9375
135.75
128.0625
118.5
109.125
100.125
91.875
84.4375
78.125
72.8125
68.75
65.8125
63.75
62.25
61.3125
60.8125
60.5625
60.5
60.375
60.3125
60.0625
59.8125
59.4375
59.0625
58.5625
58.125
57.625
57.1875
59.0625
69.9375
90.5625
114.25
137.1875
149.875
149.875
142.6875
133.625
124.3125
115.125
105.9375
97.125
89.125
82.1875
76.5
72.0625
68.875
66.5625
65.1875
64.3125
63.9375
63.75
63.625
63.5
63.25
62.875
62.375
61.75
61.0
60.25
59.4375
58.8125
59.0625
65.3125
82.6875
105.375
129.0625
146.25
150.0625
144.3125
135.4375
125.8125
116.375
107.0
98.1875
89.875
82.625
76.625
71.8125
68.3125
65.875
64.375
63.4375
63.0
62.75
62.625
62.5
62.375
62.0625
61.6875
61.125
60.4375
59.8125
59.0
58.25
57.5
57.3125
60.5
73.8125
94.5
116.875
136.5
144.6875
141.1875
132.25
122.1875
112.25
102.75
93.875
85.75
78.6875
72.8125
68.125
64.625
62.0625
60.3125
59.25
58.75
58.5
58.25
58.1875
58.0625
57.8125
57.5
57.125
56.625
56.0625
55.4375
54.6875
54.0625
53.4375
53.125
55.5625
67.4375
86.125
105.6875
124.0625
133.1875
130.9375
122.375
112.5
102.8125
93.9375
85.6875
78.4375
72.3125
67.5
63.75
60.9375
58.875
57.5625
56.8125
56.375
56.125
55.9375
55.8125
55.75
55.6875
55.5
55.3125
55.125
54.75
54.4375
54.125
53.6875
53.25
54.875
65.0625
84.0625
104.4375
124.5
136.3125
136.5
129.25
119.8125
110.1875
101.0625
92.625
85.0
78.5
73.1875
69.0625
65.9375
63.875
62.375
61.4375
60.875
60.6875
60.5625
60.4375
60.375
60.1875
59.875
59.5625
59.1875
58.5625
58.0625
57.5625
57.0625
57.6875
65.25
83.5625
106.375
130.0625
146.625
150.0
144.4375
135.75
126.3125
117.0
107.75
98.8125
90.375
83.125
77.0625
72.3125
68.75
66.25
64.75
63.875
63.5
63.25
63.25
63.25
63.125
62.75
62.375
61.8125
61.0625
60.3125
59.5
58.8125
58.5625
62.5
77.0
98.9375
122.5625
142.375
149.9375
146.0
137.5
128.0
118.5625
109.3125
100.125
91.625
84.1875
77.9375
72.875
69.0625
66.375
64.5625
63.5625
63.0625
62.75
62.625
62.5
62.4375
62.0625
61.6875
61.1875
60.5
59.8125
59.0625
58.3125
57.625
57.3125
60.25
72.9375
93.125
115.125
134.75
143.5
140.6875
132.3125
122.5625
112.75
103.1875
94.25
86.125
79.0
73.1875
68.375
64.9375
62.3125
60.5
59.5625
58.8125
58.3125
58.25
58.0625
57.875
57.8125
57.4375
57.0625
56.5625
55.9375
55.3125
54.75
54.125
53.5
53.875
60.4375
76.6875
96.0
115.6875
130.25
133.375
127.3125
117.75
107.6875
98.3125
89.6875
81.875
75.125
69.5625
65.1875
61.8125
59.5
57.9375
56.8125
56.3125
56.125
56.0
55.8125
55.8125
55.875
55.75
55.5
55.375
55.0
54.5625
54.1875
53.75
53.25
53.8125
60.8125
77.9375
97.75
117.6875
132.0625
134.75
128.75
119.625
110.4375
101.75
93.8125
86.3125
79.8125
74.3125
70.0
66.875
64.5
62.8125
61.5
60.8125
60.375
60.1875
60.0
59.875
59.75
59.5625
59.375
58.9375
58.5
58.0625
57.625
57.125
57.8125
64.8125
82.75
105.375
129.0
145.875
149.625
144.0625
135.25
125.8125
116.5625
107.4375
98.5625
90.375
83.0625
77.1875
72.5
69.0625
66.6875
65.25
64.3125
63.8125
63.625
63.5
63.375
63.125
62.8125
62.375
61.75
61.0625
60.375
59.625
58.9375
59.0
64.4375
80.875
103.375
127.0
145.0625
150.0625
144.9375
136.1875
126.6875
117.3125
108.0
99.0625
90.6875
83.3125
77.25
72.3125
68.625
66.0
64.5
63.5
63.0
62.75
62.6875
62.5625
62.4375
62.1875
61.75
61.25
60.625
59.9375
59.125
58.375
57.625
57.3125
60.5
73.9375
94.75
117.0625
136.625
144.6875
141.25
132.4375
122.625
112.75
103.4375
94.4375
86.1875
78.9375
72.9375
68.1875
64.5
61.9375
60.25
59.1875
58.625
58.4375
58.3125
58.3125
58.1875
57.9375
57.625
57.25
56.8125
56.25
55.625
55.0
54.375
53.75
53.375
56.0
68.25
87.125
106.8125
125.0
133.5
130.6875
122.0
112.0625
102.4375
93.625
85.5
78.375
72.3125
67.5
63.8125
61.0625
59.0
57.6875
56.8125
56.4375
56.25
56.0
56.0625
55.9375
55.6875
55.625
55.5625
55.25
55.0625
54.8125
54.4375
54.0625
54.1875
58.75
73.9375
94.9375
116.625
134.625
140.6875
136.0
126.8125
116.9375
107.4375
98.4375
90.25
83.0
76.8125
72.0
68.5
65.5625
63.875
62.75
61.875
61.375
61.1875
60.875
60.5625
60.375
60.0
59.6875
59.25
58.8125
58.25
57.8125
57.375
57.1875
60.0625
72.875
94.3125
118.375
140.4375
150.875
148.9375
141.25
132.25
123.125
114.125
105.1875
96.5
88.5625
81.8125
76.375
71.9375
68.6875
66.375
65.0
64.125
63.5625
63.3125
63.125
62.9375
62.625
62.25
61.75
61.125
60.375
59.6875
58.9375
58.375
58.0625
61.4375
75.375
97.3125
121.0625
141.6875
150.25
147.0625
138.625
129.125
119.5625
110.125
101.0
92.375
84.8125
78.375
73.25
69.25
66.4375
64.625
63.4375
62.8125
62.5625
62.5
62.375
62.3125
62.0625
61.75
61.1875
60.6875
60.0
59.25
58.4375
57.625
57.0
57.25
63.1875
79.375
100.25
121.875
138.125
142.125
136.375
127.25
117.375
107.6875
98.4375
89.875
82.125
75.625
70.3125
66.125
63.0
60.875
59.4375
58.625
58.25
58.0
57.9375
57.75
57.5625
57.25
56.9375
56.5625
56.125
55.5625
55.0625
54.4375
53.8125
53.25
53.0
56.25
69.4375
88.5625
107.9375
125.3125
132.3125
128.625
119.5625
109.625
100.125
91.25
83.375
76.375
70.5625
65.9375
62.5
59.9375
58.25
57.0625
56.4375
56.125
55.875
55.8125
55.6875
55.5625
55.375
55.3125
55.25
55.125
54.875
54.6875
54.4375
54.25
54.4375
58.125
71.625
91.75
113.0
131.9375
140.0625
136.9375
128.5625
118.875
109.375
100.5625
92.3125
84.6875
78.375
73.25
69.1875
66.3125
64.3125
62.9375
61.9375
61.3125
61.125
60.9375
60.6875
60.4375
60.125
59.75
59.375
58.875
58.4375
57.875
57.4375
57.0625
57.8125
65.3125
83.9375
107.1875
131.25
148.0
151.1875
145.375
136.5625
127.375
118.1875
109.25
100.4375
92.125
84.75
78.5
73.5625
69.8125
67.125
65.375
64.375
63.75
63.5
63.25
63.125
62.9375
62.5625
62.1875
61.5625
60.9375
60.1875
59.5
58.6875
58.125
58.25
63.875
80.5625
103.1875
127.0
145.375
150.4375
145.3125
136.5625
127.25
118.0625
108.9375
100.0625
91.5625
84.0625
77.75
72.8125
68.9375
66.1875
64.5
63.4375
62.9375
62.6875
62.5625
62.4375
62.25
61.9375
61.5625
61.0
60.375
59.6875
58.9375
58.1875
57.4375
56.8125
56.9375
62.375
78.0
98.8125
120.75
138.0
143.1875
138.1875
129.25
119.4375
109.75
100.4375
91.6875
83.75
77.0625
71.5
67.0
63.75
61.5
60.0
59.0625
58.5625
58.3125
58.1875
58.0
57.8125
57.5625
57.3125
56.9375
56.5
56.0
55.5
55.0
54.375
53.6875
53.0625
54.125
62.9375
80.75
100.0625
119.375
131.5625
132.0625
124.75
115.0625
105.3125
96.3125
88.0625
80.625
74.125
68.9375
64.9375
61.875
59.6875
58.125
57.1875
56.625
56.375
56.125
56.0
55.875
55.6875
55.5625
55.4375
55.3125
55.125
55.125
55.125
55.3125
55.5
57.1875
66.0
84.375
105.5
126.5
139.9375
141.0625
134.3125
124.9375
115.4375
106.3125
97.625
89.625
82.5625
76.5625
71.8125
68.25
65.75
64.0
62.75
62.0625
61.5625
61.3125
61.125
60.9375
60.625
60.375
60.0
59.5625
59.0625
58.5625
58.0625
57.5625
57.6875
62.125
77.5625
99.9375
124.25
144.375
151.8125
148.125
140.0625
131.3125
122.1875
113.1875
104.1875
95.5625
87.75
81.1875
75.6875
71.4375
68.375
66.3125
64.875
64.0625
63.6875
63.375
63.25
63.0
62.8125
62.375
61.8125
61.1875
60.4375
59.625
58.9375
58.3125
58.375
63.8125
80.25
102.9375
126.9375
145.5625
150.875
145.9375
137.25
127.8125
118.5625
109.375
100.375
91.875
84.375
78.0
72.9375
69.0625
66.375
64.5
63.5
62.9375
62.625
62.5
62.4375
62.3125
61.9375
61.5625
61.0
60.375
59.6875
59.0
58.1875
57.4375
56.9375
58.9375
70.0
89.5
111.0
131.375
142.125
140.8125
132.9375
123.375
113.8125
104.5
95.5625
87.25
79.9375
73.8125
68.8125
65.0625
62.25
60.4375
59.25
58.5
58.125
57.9375
57.8125
57.6875
57.4375
57.125
56.875
56.4375
56.0
55.4375
55.0
54.3125
53.6875
53.4375
56.5
69.125
88.125
107.9375
125.875
133.8125
130.625
121.75
111.75
102.1875
93.375
85.375
78.375
72.375
67.625
64.0
61.3125
59.3125
58.0
57.125
56.625
56.3125
56.125
56.0
55.8125
55.6875
55.625
55.6875
55.75
55.9375
56.3125
56.6875
56.875
58.3125
66.0625
83.3125
104.0
125.0
139.1875
141.4375
135.5
126.5
117.0625
107.9375
99.25
90.9375
83.5625
77.3125
72.3125
68.5
65.8125
63.875
62.6875
61.875
61.375
61.1875
61.0625
60.9375
60.8125
60.5625
60.1875
59.8125
59.3125
58.875
58.375
57.875
58.25
64.625
82.125
105.3125
129.875
148.125
152.6875
147.5
139.0
129.9375
120.8125
111.75
102.75
94.1875
86.4375
80.0
74.75
70.6875
67.6875
65.8125
64.5625
63.8125
63.4375
63.1875
63.0625
62.8125
62.5
62.0625
61.5625
60.9375
60.125
59.375
58.6875
58.0625
58.625
66.0
84.5
107.625
131.3125
147.625
150.3125
144.125
135.125
125.6875
116.25
107.125
98.3125
90.0625
82.875
76.75
71.9375
68.3125
65.8125
64.125
63.125
62.5
62.3125
62.1875
62.125
61.9375
61.6875
61.25
60.75
60.125
59.375
58.6875
57.875
57.125
56.6875
60.125
73.875
94.25
115.875
134.8125
142.375
138.75
130.125
120.375
110.75
101.375
92.6875
84.625
77.75
71.9375
67.375
63.9375
61.4375
59.75
58.75
58.1875
57.875
57.6875
57.5625
57.4375
57.1875
56.9375
56.5625
56.125
55.5625
55.0625
54.5625
53.9375
53.4375
54.125
61.8125
78.75
97.875
117.0625
130.1875
131.8125
125.0625
115.375
105.5
96.3125
87.875
80.3125
73.8125
68.5625
64.5
61.5625
59.3125
57.875
57.0
56.5
56.1875
56.0
55.875
55.6875
55.625
55.375
55.3125
55.125
54.9375
54.8125
54.8125
54.875
55.4375
60.125
74.875
95.5
117.0625
135.25
141.75
137.75
129.125
119.6875
110.25
101.25
92.8125
85.1875
78.6875
73.375
69.3125
66.4375
64.4375
63.0
62.125
61.625
61.375
61.1875
60.9375
60.75
60.375
60.0625
59.5625
59.0625
58.5
58.125
57.5
57.5625
62.3125
78.0625
100.6875
125.0
145.0
152.0625
148.0625
139.75
130.75
121.5625
112.375
103.375
94.6875
86.75
80.0
74.625
70.4375
67.4375
65.4375
64.25
63.5625
63.3125
63.125
63.0625
62.875
62.6875
62.25
61.75
61.0
60.1875
59.5
58.6875
58.0625
58.4375
65.4375
83.4375
106.375
130.0625
146.9375
150.3125
144.375
135.375
125.875
116.5
107.1875
98.3125
90.0
82.75
76.625
71.75
68.0625
65.3125
63.4375
62.1875
61.4375
60.8125
60.4375
60.0
59.625
59.125
58.625
58.0
57.3125
56.625
55.8125
55.0625
54.25
53.75
54.625
63.125
81.5
102.375
123.375
137.25
138.625
131.8125
122.375
112.6875
103.3125
94.4375
86.3125
79.0625
73.0
68.125
64.3125
61.4375
59.5625
58.25
57.5
57.0625
56.875
56.8125
56.5625
56.5
56.375
56.1875
55.9375
55.625
55.125
54.6875
54.0625
53.5
53.0625
54.9375
65.625
84.3125
104.0625
122.8125
132.875
131.5
123.3125
113.5625
104.125
95.5
87.75
80.9375
75.25
70.625
67.0625
64.625
62.875
61.75
60.875
60.25
59.9375
59.5625
59.25
59.0
58.75
58.4375
58.0625
57.6875
57.3125
56.875
56.5
56.125
56.375
62.1875
78.625
100.3125
123.375
141.1875
146.4375
141.75
133.25
124.0
114.6875
105.625
96.875
88.8125
81.8125
76.0
71.4375
68.0
65.5625
63.9375
63.0
62.3125
62.125
62.0625
61.9375
61.75
61.6875
61.1875
60.6875
60.0625
59.375
58.6875
57.9375
57.6875
60.6875
73.875
95.375
119.0
139.9375
149.375
146.6875
138.6875
129.4375
120.0625
110.8125
101.6875
93.125
85.3125
78.75
73.3125
69.1875
66.125
64.125
62.875
62.25
62.0
61.9375
62.0
61.875
61.6875
61.375
61.0
60.375
59.625
58.8125
58.0625
57.1875
56.625
58.0
67.5
86.5625
108.5
130.1875
143.125
143.4375
136.25
126.8125
117.1875
107.8125
98.75
90.125
82.4375
76.0
70.75
66.625
63.5625
61.375
59.9375
58.9375
58.4375
58.125
57.9375
57.8125
57.5625
57.3125
56.875
56.5
55.9375
55.3125
54.625
53.9375
53.3125
52.875
54.5625
64.875
83.25
102.9375
122.375
133.625
133.0625
125.1875
115.3125
105.5
96.25
87.6875
80.0
73.5
68.25
64.1875
61.125
58.9375
57.4375
56.625
56.1875
56.0
55.8125
55.6875
55.5
55.3125
55.1875
55.0
54.75
54.5
54.125
53.75
53.3125
52.75
52.8125
58.0625
73.5
92.8125
112.625
128.875
133.875
129.0625
120.1875
110.875
101.9375
93.875
86.4375
79.8125
74.1875
69.6875
66.375
63.9375
62.125
60.875
60.0
59.4375
59.1875
59.0
58.8125
58.75
58.625
58.4375
58.1875
57.875
57.5
57.0625
56.5625
56.3125
58.875
71.25
92.0
115.125
136.75
147.5
146.0
138.5625
129.625
120.625
111.625
102.8125
94.1875
86.25
79.5
74.0
69.75
66.6875
64.625
63.375
62.625
62.3125
62.1875
62.1875
62.0625
61.875
61.5
61.125
60.4375
59.75
59.0
58.375
57.75
58.25
65.5
83.5625
106.0625
129.1875
145.375
148.3125
142.5
133.6875
124.375
115.0
105.75
96.8125
88.5625
81.4375
75.4375
70.6875
67.25
64.9375
63.375
62.5625
62.0625
62.0
61.875
61.875
61.75
61.5
61.0625
60.4375
59.8125
59.125
58.3125
57.5625
56.875
56.875
62.0
77.5
98.625
121.125
139.0625
144.5625
139.625
130.5625
120.625
110.8125
101.4375
92.6875
84.6875
77.6875
72.0
67.375
63.9375
61.5
60.0
59.0
58.5
58.1875
58.1875
58.0625
58.0
57.875
57.5
57.0625
56.5
55.875
55.125
54.5
53.75
53.125
53.4375
60.0
76.3125
95.625
115.1875
129.5625
132.6875
126.625
117.0625
107.3125
98.125
89.5
81.8125
75.0
69.4375
65.125
61.875
59.4375
57.75
56.6875
56.0625
55.8125
55.5625
55.4375
55.3125
55.25
55.125
55.0625
55.0625
55.0625
55.3125
56.625
60.75
66.9375
73.5
79.25
82.75
82.5625
79.125
73.875
68.25
63.1875
59.25
56.3125
54.25
53.0625
52.5
52.3125
52.3125
52.3125
52.25
52.0625
51.625
51.125
50.5625
50.0
49.5
49.0
48.5625
48.1875
47.9375
47.6875
47.4375
47.1875
46.9375
46.6875
46.5
46.375
48.5625
60.5
80.75
102.25
124.8125
139.0625
140.875
134.875
125.8125
116.125
106.5625
97.5625
89.125
81.75
75.6875
70.9375
67.3125
64.625
62.75
61.5
60.8125
60.5
60.375
60.3125
60.1875
59.9375
59.5625
59.1875
58.625
58.0
57.4375
56.9375
56.375
57.25
65.0625
82.75
104.1875
126.25
141.8125
145.0
139.6875
131.25
122.1875
113.25
104.5625
96.0625
88.125
81.1875
75.375
70.6875
67.1875
64.75
63.125
62.1875
61.5625
61.3125
61.125
61.0
60.8125
60.5
60.125
59.6875
59.0625
58.3125
57.625
56.9375
56.4375
57.0625
64.6875
82.4375
103.625
125.3125
140.4375
143.3125
137.625
128.875
119.625
110.3125
101.1875
92.5
84.4375
77.5625
71.8125
67.25
63.6875
61.25
59.6875
58.6875
58.125
57.8125
57.6875
57.5
57.4375
57.1875
56.875
56.5
56.0
55.375
54.75
54.125
53.4375
52.8125
53.625
61.625
78.5
97.3125
116.3125
129.375
131.1875
124.9375
115.9375
106.5
97.5
89.1875
81.75
75.125
69.75
65.4375
62.125
59.5625
57.9375
56.75
56.0625
55.625
55.375
55.25
55.0625
54.9375
54.8125
54.6875
54.4375
54.1875
53.875
53.5625
53.125
52.75
53.625
62.0
80.4375
101.0
122.0
136.1875
138.0625
131.625
122.5625
112.9375
103.75
95.125
87.125
80.125
74.3125
69.8125
66.4375
64.125
62.375
61.3125
60.6875
60.3125
60.0625
59.875
59.75
59.4375
59.125
58.75
58.3125
57.75
57.3125
56.8125
56.375
56.9375
63.625
80.875
102.9375
126.125
143.375
147.875
143.125
135.125
126.25
117.3125
108.25
99.4375
91.0625
83.75
77.5
72.625
68.9375
66.1875
64.4375
63.375
62.75
62.3125
62.1875
62.0625
61.9375
61.625
61.25
60.75
60.1875
59.5625
58.8125
58.125
57.6875
59.9375
71.375
91.9375
114.875
136.375
147.625
146.3125
138.625
129.375
120.0625
110.75
101.6875
93.0625
85.375
78.8125
73.4375
69.25
66.25
64.1875
62.9375
62.25
61.875
61.75
61.5625
61.4375
61.25
60.9375
60.5
59.9375
59.25
58.5625
57.75
57.0625
56.4375
56.375
60.8125
75.3125
95.6875
117.375
135.5
142.1875
138.25
129.5
119.875
110.125
100.8125
92.0625
84.0625
77.25
71.5625
67.125
63.75
61.3125
59.625
58.625
58.0
57.6875
57.5
57.375
57.25
57.0
56.6875
56.25
55.875
55.25
54.6875
54.0
53.375
52.6875
52.375
55.125
67.1875
85.625
104.6875
122.625
131.4375
129.3125
120.875
111.1875
101.625
92.75
84.75
77.625
71.5625
66.75
63.125
60.25
58.3125
56.875
56.125
55.5625
55.25
55.0625
54.875
54.75
54.625
54.5
54.25
54.125
53.75
53.5
53.0625
52.6875
52.1875
52.875
60.125
77.0625
96.375
116.0
130.125
132.9375
127.3125
118.5
109.5625
101.0625
93.125
85.625
79.0625
73.625
69.375
66.0625
63.625
61.8125
60.4375
59.6875
59.25
59.0
58.8125
58.6875
58.5
58.3125
58.1875
57.8125
57.4375
57.0
56.625
56.125
56.125
60.25
74.6875
96.1875
119.75
139.875
148.0625
145.0
137.1875
128.375
119.25
110.125
101.125
92.625
84.9375
78.5625
73.375
69.375
66.375
64.4375
63.1875
62.375
62.0625
62.0
61.9375
61.75
61.625
61.25
60.8125
60.1875
59.5
58.75
58.0625
57.5
58.5625
67.5
86.5
109.25
131.8125
146.125
147.25
140.4375
131.4375
122.3125
113.0625
104.0625
95.4375
87.3125
80.4375
74.6875
70.125
66.625
64.3125
62.8125
61.9375
61.5
61.3125
61.1875
61.125
61.0625
60.6875
60.375
59.9375
59.3125
58.5625
57.875
57.1875
56.5625
56.875
63.0
79.375
100.4375
122.5625
138.9375
143.125
137.5
128.3125
118.3125
108.6875
99.4375
90.75
82.9375
76.375
70.875
66.5625
63.4375
61.0625
59.625
58.625
58.125
57.875
57.6875
57.5625
57.4375
57.1875
56.8125
56.4375
55.875
55.1875
54.4375
53.8125
53.0625
52.5
53.1875
60.625
77.25
96.3125
115.625
129.125
131.375
124.9375
115.5
105.75
96.5625
88.1875
80.625
74.0625
68.6875
64.4375
61.25
58.8125
57.25
56.25
55.625
55.3125
55.125
55.0
54.8125
54.8125
54.8125
54.9375
55.0625
55.125
55.6875
57.625
60.5625
63.5
65.875
66.875
66.375
64.125
61.0625
57.9375
55.125
52.8125
51.1875
50.125
49.5625
49.4375
49.6875
50.0625
50.25
50.3125
50.125
49.75
49.25
48.625
48.0
47.3125
46.75
46.1875
45.6875
45.1875
44.875
44.625
44.4375
44.1875
44.0
43.8125
43.5625
43.5
45.375
56.4375
75.6875
95.625
117.4375
132.6875
135.875
130.75
121.8125
112.0625
102.625
93.875
85.8125
78.875
73.1875
68.625
65.3125
62.8125
61.125
60.0
59.375
59.0
58.875
58.8125
58.6875
58.5625
58.25
57.9375
57.5
56.9375
56.4375
56.0
55.5
55.9375
61.8125
77.875
98.5
120.25
137.5
143.1875
139.125
131.375
122.8125
114.0625
105.5
97.0625
89.0625
81.9375
76.0625
71.25
67.5625
64.9375
63.0625
61.9375
61.25
60.875
60.625
60.4375
60.3125
60.0625
59.6875
59.3125
58.6875
58.0
57.3125
56.6875
56.125
56.25
62.1875
78.375
99.25
121.125
138.125
143.1875
138.625
130.1875
120.875
111.625
102.625
94.0
85.9375
78.8125
73.0
68.0625
64.3125
61.625
59.75
58.5
57.8125
57.375
57.125
56.9375
56.875
56.625
56.4375
56.0625
55.5
54.875
54.1875
53.625
52.9375
52.3125
52.625
58.8125
74.375
93.0625
112.25
127.0
131.0625
126.25
117.6875
108.5
99.625
91.25
83.375
76.4375
70.75
66.0
62.375
59.75
57.8125
56.375
55.5625
55.125
54.875
54.75
54.625
54.625
54.5625
54.4375
54.25
54.0625
53.6875
53.3125
52.8125
52.3125
52.25
56.75
71.375
90.5625
110.3125
127.25
134.0
130.75
123.125
114.5
105.875
97.5
89.6875
82.4375
76.25
71.25
67.25
64.375
62.1875
60.625
59.625
59.0625
58.8125
58.6875
58.625
58.5625
58.5
58.3125
58.125
57.6875
57.3125
56.875
56.375
56.125
58.9375
71.125
91.25
113.625
134.6875
145.5
144.4375
137.625
129.0
120.1875
111.125
102.3125
93.6875
85.875
79.3125
73.9375
69.75
66.6875
64.5625
63.1875
62.375
61.875
61.6875
61.625
61.5625
61.3125
61.0
60.5625
59.9375
59.3125
58.625
58.0
57.375
58.125
65.8125
83.8125
106.0
128.875
144.6875
147.5625
141.625
132.9375
123.5625
114.375
105.375
96.5625
88.5
81.4375
75.625
70.875
67.4375
65.0
63.375
62.4375
61.9375
61.75
61.6875
61.625
61.375
61.125
60.6875
60.1875
59.5625
58.8125
58.0
57.25
56.5
56.125
58.4375
69.9375
89.5
111.0
131.1875
141.5
140.25
132.5
123.0
113.4375
104.0625
95.1875
87.0625
79.875
73.75
68.9375
65.1875
62.375
60.375
59.125
58.375
58.0
57.75
57.5625
57.4375
57.1875
56.9375
56.5
56.125
55.5
54.875
54.25
53.625
52.9375
52.3125
52.8125
59.625
75.9375
95.0
114.625
129.25
132.75
126.9375
117.5625
107.75
98.4375
89.8125
82.0625
75.3125
69.6875
65.25
61.875
59.4375
57.5625
56.5
55.875
55.625
55.375
55.25
55.125
55.0
54.875
54.75
54.625
54.375
54.125
53.75
53.375
52.8125
52.4375
54.0625
64.1875
82.125
101.3125
120.6875
132.5625
133.0625
126.125
117.25
108.25
99.8125
91.75
84.3125
77.8125
72.5
68.375
65.1875
63.0
61.25
60.1875
59.5
59.1875
59.0625
59.0
58.875
58.75
58.625
58.375
58.0625
57.625
57.25
56.8125
56.3125
56.1875
60.3125
74.8125
96.1875
119.625
140.125
148.5
145.625
137.8125
128.75
119.625
110.5625
101.625
93.0625
85.4375
78.875
73.6875
69.6875
66.75
64.8125
63.5625
62.875
62.5
62.25
62.1875
61.9375
61.625
61.3125
60.75
60.1875
59.5
58.8125
58.125
57.5
57.4375
61.625
76.375
97.8125
121.0
140.625
148.25
144.6875
136.375
127.1875
118.0
108.75
99.8125
91.3125
83.625
77.3125
72.125
68.1875
65.375
63.5625
62.5
61.8125
61.625
61.625
61.5
61.4375
61.1875
60.75
60.25
59.5625
58.875
58.0625
57.3125
56.625
55.9375
55.875
60.25
74.875
95.3125
117.1875
135.5
142.5
138.5625
130.0
120.375
110.75
101.375
92.5625
84.5
77.5
71.5625
66.9375
63.5
60.9375
59.3125
58.25
57.625
57.4375
57.3125
57.125
56.9375
56.6875
56.375
56.0
55.4375
54.9375
54.375
53.8125
53.25
52.625
52.0
53.0
61.0
77.8125
96.6875
115.9375
129.25
131.125
124.625
115.0
105.4375
96.4375
88.1875
80.625
74.125
68.8125
64.6875
61.5
59.125
57.5
56.375
55.8125
55.4375
55.1875
55.0
54.8125
54.6875
54.625
54.5
54.3125
54.1875
53.9375
53.6875
53.375
53.375
53.8125
58.1875
72.4375
92.3125
113.3125
131.5
138.75
135.1875
126.75
117.1875
107.75
98.75
90.5
83.125
76.875
71.8125
68.0625
65.4375
63.5
62.25
61.375
60.8125
60.4375
60.25
59.875
59.5625
59.25
58.8125
58.4375
58.0
57.4375
57.0
56.5625
56.0625
56.6875
63.5
80.9375
103.125
126.625
144.0625
148.625
143.8125
135.6875
126.75
117.75
108.875
100.0625
91.625
84.125
77.875
72.8125
68.9375
66.1875
64.375
63.25
62.6875
62.4375
62.375
62.25
62.0625
61.9375
61.4375
60.9375
60.25
59.5
58.6875
57.9375
57.25
57.1875
62.4375
78.3125
100.1875
123.5625
142.25
148.1875
143.6875
135.125
125.9375
116.5625
107.5
98.6875
90.3125
82.9375
76.75
71.75
67.9375
65.3125
63.5
62.4375
61.8125
61.5625
61.4375
61.375
61.1875
60.9375
60.5625
60.0
59.375
58.6875
58.0625
57.25
56.5
55.8125
55.6875
59.875
73.75
93.3125
114.25
132.125
139.1875
135.625
127.1875
117.6875
108.125
99.125
90.4375
82.625
75.875
70.25
65.8125
62.5
60.1875
58.625
57.6875
57.125
56.875
56.625
56.4375
56.25
56.0
55.75
55.375
55.0625
54.625
54.1875
53.8125
53.25
52.625
52.0625
52.75
60.0
76.1875
94.8125
113.75
127.25
129.8125
123.4375
113.9375
104.25
95.125
86.8125
79.4375
73.0625
67.8125
63.8125
60.8125
58.5625
56.9375
56.125
55.5
55.1875
55.0
54.8125
54.625
54.5
54.375
54.3125
54.25
54.125
54.1875
54.5
54.75
54.875
55.9375
62.125
77.6875
97.5
118.1875
134.0
138.625
133.875
125.3125
116.0
106.875
98.25
90.1875
82.875
76.5625
71.625
67.8125
65.0625
63.125
61.8125
61.0
60.4375
60.1875
59.9375
59.6875
59.4375
59.125
58.8125
58.4375
58.0
57.5625
57.0625
56.5625
56.25
58.0
68.375
88.25
111.6875
134.5625
148.0
148.625
142.0
133.3125
124.4375
115.4375
106.4375
97.6875
89.375
82.125
76.125
71.5
68.0
65.5625
64.0
63.125
62.625
62.375
62.25
62.125
61.9375
61.625
61.25
60.625
60.0
59.25
58.4375
57.8125
57.25
58.375
67.375
86.3125
109.0
131.875
146.1875
147.5
140.8125
131.875
122.5625
113.5
104.5625
95.9375
87.875
80.8125
74.9375
70.1875
66.5625
63.8125
62.0625
60.8125
60.0625
59.5625
59.25
59.0
58.75
58.4375
58.0625
57.5625
56.9375
56.25
55.5
54.8125
54.0625
53.5625
55.375
66.0
84.875
105.625
125.875
137.375
136.9375
129.4375
120.0
110.3125
101.0625
92.1875
84.0625
77.0
71.1875
66.5625
63.0625
60.4375
58.625
57.625
57.0
56.75
56.5625
56.625
56.5
56.4375
56.3125
56.1875
56.125
56.0625
56.1875
57.1875
60.875
67.125
74.25
80.75
85.0
85.375
82.0625
76.375
70.0
64.1875
59.375
55.875
53.5625
52.25
51.5
51.5625
51.8125
52.4375
52.9375
53.0625
53.0625
52.6875
52.125
51.5
50.75
50.0625
49.5625
49.0625
48.6875
48.375
48.125
47.8125
47.5
47.3125
47.125
46.9375
47.8125
56.25
74.6875
95.5625
118.3125
136.0
141.25
137.0625
128.6875
119.1875
109.5
100.3125
91.75
84.0
77.5625
72.3125
68.375
65.375
63.3125
61.875
61.0
60.625
60.375
60.3125
60.1875
60.0
59.8125
59.4375
58.9375
58.4375
57.8125
57.3125
56.75
56.625
60.25
73.5625
94.0625
116.5
136.4375
145.3125
143.25
136.0
127.3125
118.5
109.6875
100.875
92.625
84.9375
78.5
73.25
69.0625
66.125
64.0
62.625
61.8125
61.375
61.125
61.0
60.875
60.6875
60.3125
59.875
59.3125
58.625
58.0
57.3125
56.6875
56.25
58.1875
69.0
88.875
111.4375
132.875
144.6875
144.25
137.0625
128.0625
118.875
109.75
100.875
92.375
84.75
78.1875
72.875
68.6875
65.5
63.125
61.625
60.625
59.8125
59.25
58.75
58.3125
57.875
57.375
56.8125
56.3125
55.75
55.0625
54.375
53.625
52.875
52.1875
52.25
57.4375
72.75
92.1875
112.5625
129.625
135.5625
131.625
123.4375
114.1875
105.0625
96.3125
88.0
80.5625
74.0625
68.8125
64.6875
61.5625
59.25
57.625
56.75
56.125
55.875
55.75
55.6875
55.5
55.375
55.25
55.0625
54.6875
54.375
54.0
53.5
53.0
52.375
51.75
53.3125
63.3125
81.375
100.875
120.0
131.5
131.5
124.375
115.1875
105.875
97.0625
89.0
81.5625
75.125
70.0625
66.25
63.625
61.625
60.375
59.8125
59.5
59.5
59.625
59.5625
59.25
59.0
58.75
58.25
57.75
57.25
56.75
56.375
55.9375
55.5625
56.875
65.9375
84.4375
106.125
128.25
142.1875
143.9375
137.9375
129.625
120.875
112.125
103.4375
95.125
87.375
80.625
75.0625
70.625
67.3125
64.9375
63.4375
62.375
61.75
61.375
61.1875
61.0625
60.8125
60.5
60.0625
59.625
59.0
58.375
57.8125
57.3125
56.875
59.375
71.5625
92.5
116.0
137.8125
148.75
147.375
140.125
131.375
122.4375
113.375
104.5
95.875
87.9375
81.0625
75.375
70.875
67.5
65.125
63.5625
62.75
62.25
62.0625
61.9375
61.8125
61.625
61.25
60.8125
60.1875
59.4375
58.6875
57.875
57.125
56.4375
56.25
60.375
74.75
95.75
118.4375
137.75
145.5
142.0625
133.8125
124.5
115.125
105.9375
97.25
88.9375
81.75
75.6875
70.75
66.9375
64.125
62.125
60.6875
59.8125
59.1875
58.75
58.375
58.1875
57.9375
57.625
57.1875
56.6875
56.125
55.5
54.6875
53.9375
53.1875
52.625
54.9375
66.5
85.5
105.9375
125.5
135.9375
134.6875
127.0
117.5625
108.0
98.8125
90.125
82.1875
75.375
69.75
65.3125
61.9375
59.5625
57.9375
56.9375
56.375
56.1875
56.0625
55.875
55.8125
55.75
55.625
55.375
55.125
54.75
54.375
53.9375
53.375
52.75
52.25
54.1875
64.6875
83.0625
102.5625
121.5625
132.1875
131.375
123.8125
114.5625
105.3125
96.8125
89.0625
81.9375
76.0
71.0
67.1875
64.4375
62.5
61.1875
60.3125
59.75
59.4375
59.1875
59.0
58.875
58.5625
58.375
58.0
57.625
57.1875
56.75
56.25
55.8125
55.5625
58.8125
72.0
92.625
115.5625
136.3125
146.0625
144.125
136.6875
127.8125
118.8125
109.875
101.1875
92.75
85.0625
78.5625
73.25
69.25
66.25
64.25
62.9375
62.1875
61.8125
61.625
61.5
61.375
61.1875
60.875
60.4375
59.875
59.25
58.5
57.875
57.25
57.375
63.0
79.25
101.1875
124.5
142.6875
148.3125
143.8125
135.375
126.375
117.125
108.0
99.0625
90.75
83.25
77.0
72.0
68.125
65.375
63.5
62.4375
61.8125
61.5625
61.4375
61.375
61.1875
61.0
60.5625
60.0
59.4375
58.75
57.9375
57.125
56.4375
55.75
56.1875
63.125
80.625
102.3125
124.75
140.875
144.0625
138.1875
129.25
119.5625
110.125
101.0625
92.4375
84.625
77.9375
72.4375
68.125
65.0
62.8125
61.375
60.5
59.9375
59.5625
59.1875
58.8125
58.375
57.8125
57.125
56.375
55.5625
54.8125
54.125
53.4375
52.75
51.9375
51.5
54.125
66.5
85.375
105.375
124.4375
134.125
132.4375
124.5
114.9375
105.3125
96.1875
87.6875
80.0625
73.5
68.25
64.0625
60.9375
58.625
57.0625
56.1875
55.625
55.375
55.25
55.125
54.9375
54.875
54.8125
54.875
54.9375
55.0
55.1875
56.625
59.25
62.25
64.875
66.5
66.5
64.9375
62.125
58.625
55.3125
52.4375
50.0
48.0625
46.8125
45.9375
45.3125
45.125
45.0
44.875
44.75
45.0625
45.125
45.375
45.6875
45.875
46.125
46.5
46.75
46.875
46.875
46.6875
46.4375
46.125
45.6875
45.1875
44.875
44.5
44.1875
44.625
51.0625
67.5625
86.0
106.25
124.1875
131.5
129.0
121.375
112.0
102.625
93.875
85.9375
78.9375
73.1875
68.625
65.125
62.625
60.875
59.625
58.875
58.4375
58.125
58.0
57.875
57.6875
57.375
57.125
56.75
56.125
55.6875
55.25
54.75
54.3125
55.875
65.0625
83.25
104.375
125.875
139.9375
142.1875
136.875
129.0625
120.6875
112.125
103.5
94.9375
87.0625
80.125
74.375
69.75
66.3125
63.9375
62.3125
61.3125
60.6875
60.4375
60.25
60.25
60.0
59.6875
59.3125
58.8125
58.125
57.5
56.8125
56.0625
55.5625
55.9375
62.8125
79.9375
101.4375
123.6875
140.0
143.9375
138.875
130.625
121.875
113.0
104.0625
95.5625
87.5625
80.5625
74.625
69.875
66.125
63.5
61.6875
60.4375
59.5625
58.9375
58.5
58.0625
57.6875
57.25
56.75
56.125
55.5625
54.875
54.1875
53.4375
52.6875
52.0
52.0625
57.625
73.125
92.25
111.9375
128.0
133.375
129.3125
121.125
112.1875
103.1875
94.625
86.5625
79.1875
72.875
67.625
63.625
60.4375
58.25
56.6875
55.75
55.25
54.9375
54.875
54.875
54.8125
54.75
54.625
54.375
54.0625
53.6875
53.25
52.6875
52.125
51.625
52.8125
61.8125
79.0625
97.5
115.75
127.4375
128.3125
121.6875
112.625
103.4375
94.8125
86.875
79.75
73.625
68.625
64.9375
62.375
60.5
59.5625
58.9375
58.75
58.8125
58.875
58.875
58.75
58.4375
58.0625
57.6875
57.0625
56.5625
56.0625
55.625
55.125
55.1875
59.75
74.3125
94.3125
115.875
134.0625
141.25
138.3125
130.75
122.1875
113.3125
104.625
96.125
88.1875
81.1875
75.375
70.75
67.25
64.75
62.9375
61.8125
61.125
60.75
60.5
60.4375
60.3125
60.125
59.75
59.3125
58.75
58.125
57.5625
56.9375
56.625
59.8125
73.125
94.0
117.1875
137.9375
147.4375
145.1875
137.6875
129.0
120.125
111.1875
102.375
93.75
85.875
79.1875
73.5625
69.25
66.1875
64.125
62.875
62.125
61.75
61.5625
61.5625
61.4375
61.25
60.875
60.375
59.75
59.0625
58.25
57.4375
56.6875
56.0625
56.8125
64.4375
82.1875
103.75
126.0
141.3125
144.125
138.0
129.0625
119.5
110.0
100.75
92.0
84.125
77.3125
71.75
67.25
63.9375
61.5
59.9375
58.9375
58.3125
58.0625
57.9375
57.75
57.5625
57.375
56.9375
56.5625
56.0
55.375
54.6875
54.0
53.3125
52.5625
52.25
56.125
69.625
88.5625
108.5
126.125
133.75
130.5625
121.9375
112.25
102.6875
93.8125
85.625
78.3125
72.125
67.1875
63.3125
60.4375
58.25
56.8125
55.9375
55.5
55.25
55.25
55.125
55.125
55.0
54.875
54.6875
54.375
54.0625
53.6875
53.25
52.75
52.25
52.375
58.125
73.9375
93.1875
112.9375
128.4375
133.25
128.5
120.125
111.125
102.375
94.0625
86.375
79.4375
73.625
69.0
65.5
62.875
61.0
59.875
59.0
58.6875
58.5
58.5
58.5
58.375
58.25
58.0
57.6875
57.1875
56.6875
56.1875
55.75
55.3125
56.875
66.75
86.0625
108.5
131.0
144.625
145.625
139.125
130.375
121.25
112.1875
103.375
94.8125
86.9375
80.0625
74.4375
70.0
66.75
64.5625
63.0625
62.25
61.8125
61.625
61.4375
61.375
61.1875
60.875
60.375
59.8125
59.125
58.375
57.625
57.0
56.6875
59.5625
72.125
92.5625
115.4375
136.125
145.9375
143.75
135.875
126.625
117.3125
108.125
99.25
90.9375
83.375
77.0625
71.875
67.9375
65.0
63.0625
61.875
61.1875
60.8125
60.625
60.5625
60.5
60.375
60.0
59.625
59.0
58.4375
57.6875
56.9375
56.1875
55.625
56.25
63.5625
80.5
100.8125
121.875
136.6875
139.5625
133.5625
124.4375
114.75
105.3125
96.1875
87.625
79.9375
73.4375
68.3125
64.0625
61.0
58.875
57.625
56.9375
56.5625
56.4375
56.4375
56.375
56.3125
56.125
55.8125
55.5
54.9375
54.3125
53.6875
53.1875
52.5
52.0
53.4375
62.625
79.625
98.0625
116.375
127.75
128.125
120.875
111.1875
101.5
92.5625
84.3125
77.0625
70.9375
66.0625
62.3125
59.4375
57.4375
56.0625
55.3125
54.875
54.625
54.4375
54.375
54.25
54.1875
54.0625
53.875
53.625
53.375
53.0625
52.6875
52.3125
52.0625
54.625
66.5625
86.25
106.9375
126.625
136.6875
135.0
127.1875
117.625
108.125
99.0
90.625
83.0625
76.625
71.3125
67.375
64.4375
62.375
60.9375
60.125
59.625
59.3125
59.25
59.0625
58.9375
58.75
58.375
57.9375
57.5
56.9375
56.4375
56.0
55.625
57.4375
67.625
87.1875
110.0
132.5
145.75
146.375
139.8125
131.25
122.1875
113.0625
104.125
95.5
87.5625
80.6875
75.0
70.4375
67.0625
64.6875
63.125
62.1875
61.8125
61.625
61.5
61.4375
61.25
61.0625
60.5625
60.0
59.3125
58.5625
57.8125
57.0625
56.75
59.9375
73.0625
93.8125
116.8125
137.3125
146.5625
144.0
136.0
126.6875
117.4375
108.125
99.0625
90.5625
83.125
76.8125
71.5625
67.625
64.8125
62.9375
61.6875
61.0625
60.75
60.6875
60.5625
60.5
60.375
60.0625
59.5625
59.0
58.375
57.5625
56.8125
56.125
55.625
56.6875
65.0
82.3125
102.5
122.875
136.0625
137.6875
131.0
121.6875
111.875
102.5625
93.75
85.625
78.1875
71.9375
66.875
63.125
60.4375
58.625
57.5
56.6875
56.375
56.25
56.25
56.125
56.0
55.75
55.5
55.0625
54.5625
54.0625
53.5
52.9375
52.375
51.9375
53.875
64.1875
81.6875
100.3125
118.3125
128.375
127.375
119.5
109.6875
100.125
91.4375
83.5625
76.5625
70.5625
65.9375
62.3125
59.5625
57.625
56.375
55.5625
55.125
54.875
54.6875
54.5
54.25
54.1875
54.0
53.875
53.6875
53.375
53.0
52.625
52.1875
51.9375
54.75
66.875
86.5625
107.4375
126.9375
136.625
134.9375
126.9375
117.375
107.875
98.8125
90.5
82.9375
76.5625
71.375
67.5
64.5625
62.5625
61.0625
60.1875
59.6875
59.4375
59.3125
59.125
58.9375
58.6875
58.375
57.9375
57.5
57.0
56.625
56.125
55.75
57.25
67.0625
86.6875
109.625
132.5625
146.4375
147.5
141.1875
132.625
123.6875
114.8125
105.875
97.25
89.125
82.0
76.0
71.3125
67.875
65.375
63.75
62.8125
62.3125
62.125
62.0625
61.875
61.6875
61.375
60.9375
60.375
59.625
58.875
58.125
57.4375
57.0625
60.0
72.625
93.5
116.5
137.25
146.875
144.5
136.625
127.375
118.125
109.0625
100.3125
91.875
84.375
77.9375
72.6875
68.6875
65.8125
63.875
62.5625
61.75
61.375
61.25
61.0
60.875
60.625
60.25
59.75
59.1875
58.5
57.75
57.0625
56.3125
55.8125
56.5
63.9375
80.8125
101.4375
122.5625
137.1875
139.6875
133.375
124.0625
114.4375
105.0625
96.0625
87.625
80.125
73.8125
68.625
64.625
61.6875
59.5625
58.25
57.5625
57.125
56.9375
56.8125
56.75
56.6875
56.4375
56.1875
55.6875
55.1875
54.625
54.0
53.375
52.6875
52.125
53.125
61.375
78.0625
96.75
115.5
128.0
129.125
122.0625
112.3125
102.625
93.5625
85.4375
78.125
71.875
66.9375
63.125
60.3125
58.25
56.8125
55.875
55.3125
55.0625
54.875
54.6875
54.5625
54.5
54.25
54.125
53.9375
53.625
53.3125
53.0
52.5625
52.3125
54.125
64.3125
83.4375
104.6875
125.8125
138.0
137.875
130.375
120.75
111.0
101.8125
93.1875
85.3125
78.5
73.0
68.75
65.625
63.375
61.9375
61.0625
60.4375
60.25
60.0
59.9375
59.75
59.5
59.1875
58.75
58.25
57.75
57.25
56.6875
56.25
56.8125
63.6875
81.125
103.625
127.375
144.625
148.75
143.5625
135.125
126.125
117.125
108.1875
99.4375
91.125
83.8125
77.5625
72.5
68.625
65.875
64.125
63.0
62.375
61.8125
61.75
61.8125
61.75
61.4375
61.0625
60.5
59.875
59.125
58.375
57.75
57.1875
58.25
66.5625
84.875
107.875
131.1875
146.0625
147.75
141.0
131.875
122.375
113.0625
104.0
95.4375
87.5
80.5
74.75
70.1875
66.8125
64.4375
62.875
61.875
61.375
61.125
60.9375
60.875
60.8125
60.625
60.0625
59.5
58.875
58.25
57.625
56.8125
56.1875
55.9375
59.0
71.6875
91.3125
112.5
131.25
139.5
136.75
128.3125
118.625
109.125
99.9375
91.1875
83.1875
76.25
70.4375
65.9375
62.4375
60.0625
58.4375
57.5
57.0
56.8125
56.625
56.4375
56.1875
56.0
55.8125
55.375
55.0
54.4375
53.9375
53.4375
52.875
52.25
51.8125
54.25
65.5625
83.75
102.8125
120.9375
130.1875
128.3125
119.9375
110.125
100.5625
91.8125
83.75
76.75
70.875
66.0625
62.4375
59.5625
57.5625
56.25
55.5
55.125
54.9375
54.75
54.75
54.625
54.5625
54.4375
54.3125
54.1875
53.9375
53.625
53.375
53.125
53.25
56.5625
68.75
88.125
109.0
128.375
137.875
136.0
128.0
118.3125
108.9375
99.875
91.5
83.8125
77.3125
72.0625
67.9375
65.0
63.0
61.6875
60.75
60.25
59.875
59.75
59.5625
59.375
59.0
58.625
58.25
57.875
57.375
56.875
56.3125
55.875
57.0
65.375
84.125
107.125
130.8125
146.5625
149.0
143.0625
134.5
125.5
116.5625
107.625
98.6875
90.4375
83.125
77.0
72.0
68.25
65.625
63.9375
62.875
62.4375
62.1875
62.125
62.0
61.8125
61.5625
61.125
60.625
59.9375
59.1875
58.4375
57.6875
57.0625
58.125
66.875
85.75
108.5
131.125
145.5
146.8125
140.25
131.4375
122.3125
113.0625
103.9375
95.25
87.3125
80.4375
74.75
70.25
66.9375
64.625
63.0625
62.0625
61.3125
60.875
60.5
60.0
59.4375
58.75
58.0625
57.3125
56.5
55.625
54.875
54.125
53.4375
53.0
55.125
66.4375
85.8125
107.0
127.375
138.3125
137.25
129.5625
120.0
110.4375
101.125
92.375
84.25
77.1875
71.25
66.5
62.875
60.25
58.5
57.375
56.75
56.4375
56.375
56.3125
56.3125
56.1875
56.125
55.9375
55.5625
55.1875
54.75
54.25
53.5625
52.9375
53.0625
58.4375
73.375
92.0
111.125
126.0625
130.25
124.875
115.625
105.9375
96.9375
88.625
81.25
74.8125
69.5625
65.6875
63.125
61.125
59.9375
59.375
59.125
59.1875
59.25
59.3125
59.125
58.8125
58.4375
58.0625
57.5
57.0
56.5625
56.125
55.625
55.4375
58.375
70.8125
90.9375
113.1875
133.75
143.6875
141.9375
134.25
125.0
115.75
106.5625
97.8125
89.5
82.125
76.0
71.1875
67.625
65.0
63.25
62.125
61.5625
61.4375
61.3125
61.0625
60.9375
60.75
60.4375
60.0
59.4375
58.6875
58.0
57.4375
56.875
58.3125
68.25
87.9375
111.0625
133.875
147.3125
147.75
140.875
132.0
122.8125
113.625
104.6875
95.9375
87.75
80.75
75.0
70.4375
67.0
64.625
63.1875
62.3125
62.0
61.6875
61.5625
61.4375
61.25
60.9375
60.4375
59.8125
59.125
58.3125
57.5625
56.875
56.25
56.75
63.625
81.0
103.125
126.0625
142.4375
146.0625
140.1875
131.0625
121.375
111.875
102.6875
93.875
85.875
79.0
73.3125
68.875
65.5625
63.125
61.5
60.5625
59.875
59.4375
59.125
58.6875
58.25
57.8125
57.25
56.6875
56.0625
55.375
54.625
53.875
53.1875
52.5625
53.375
61.5
79.1875
99.3125
119.625
133.5
135.5
128.9375
119.5
109.75
100.3125
91.5625
83.4375
76.4375
70.5
65.8125
62.125
59.5
57.625
56.4375
55.8125
55.4375
55.375
55.25
55.25
55.125
55.0625
54.9375
54.75
54.4375
54.0625
53.5625
53.125
52.5
52.0625
54.6875
66.5
84.875
104.0625
122.0625
130.75
128.375
119.8125
110.0
100.6875
92.0
84.1875
77.25
71.375
66.6875
63.3125
60.9375
59.4375
58.6875
58.375
58.375
58.6875
59.0
59.125
59.125
58.9375
58.5625
58.0625
57.5
56.875
56.375
55.9375
55.5
56.25
63.75
81.25
102.5
125.0
140.75
144.0
138.375
129.5
120.0625
110.8125
101.875
93.4375
85.75
79.0625
73.5625
69.3125
66.25
64.125
62.75
61.875
61.4375
61.1875
61.1875
61.0625
60.75
60.4375
60.0625
59.4375
58.9375
58.3125
57.6875
57.1875
57.625
64.6875
82.5625
105.3125
128.9375
145.8125
149.3125
143.6875
135.125
125.9375
116.875
107.75
98.875
90.5
83.1875
76.9375
72.0
68.1875
65.5625
63.875
62.875
62.3125
62.0
61.9375
61.75
61.625
61.25
60.8125
60.125
59.375
58.5625
57.6875
57.0
56.3125
56.5
62.5625
79.1875
100.75
123.6875
141.125
145.625
140.25
131.4375
122.0625
112.6875
103.5625
94.75
86.625
79.5625
73.5625
68.8125
65.25
62.625
60.875
59.625
58.75
58.1875
57.8125
57.625
57.5
57.25
56.8125
56.375
55.875
55.25
54.5625
54.0
53.3125
52.6875
53.5625
61.6875
79.4375
99.5625
119.8125
133.3125
134.875
127.9375
118.3125
108.5
99.125
90.375
82.5
75.4375
69.75
65.3125
61.875
59.375
57.625
56.5625
56.0
55.8125
55.6875
55.5
55.375
55.25
55.0625
54.8125
54.5
54.125
53.6875
53.1875
52.6875
52.125
52.0625
56.5
70.9375
89.9375
109.5
126.0625
131.75
127.5625
118.875
109.3125
100.1875
91.75
84.0625
77.3125
71.875
67.6875
64.625
62.5
61.0625
60.125
59.75
59.4375
59.25
59.0
58.75
58.4375
58.0625
57.6875
57.375
57.0
56.5
56.25
55.8125
55.5
57.75
69.125
89.1875
111.8125
133.5
144.9375
144.125
136.9375
127.9375
118.6875
109.75
100.9375
92.5
84.8125
78.3125
73.0625
68.9375
66.0625
64.0
62.75
61.9375
61.4375
61.1875
61.0625
60.9375
60.75
60.375
59.9375
59.3125
58.75
58.125
57.5
57.0
57.875
66.3125
85.3125
108.5
131.625
146.5625
148.0625
141.375
132.375
123.125
113.9375
104.9375
96.1875
88.0
81.0
75.0625
70.375
66.9375
64.5625
62.9375
62.0
61.375
61.125
61.0
60.875
60.8125
60.5
60.0625
59.5
58.9375
58.1875
57.5
56.75
56.1875
56.1875
61.4375
77.6875
99.4375
122.4375
140.4375
145.75
140.6875
131.75
122.1875
112.8125
103.375
94.375
86.125
79.0625
73.125
68.3125
64.75
62.0
60.1875
59.0
58.25
57.875
57.8125
57.6875
57.5625
57.3125
57.0
56.625
56.0625
55.4375
54.75
54.0625
53.3125
52.6875
53.25
60.3125
77.0625
96.75
116.75
131.1875
133.875
127.5625
118.1875
108.375
99.1875
90.5
82.5
75.5625
69.8125
65.25
61.625
59.0625
57.25
56.1875
55.5625
55.25
55.0625
55.0
54.9375
54.9375
54.8125
54.6875
54.5
54.1875
53.875
53.4375
53.0
52.4375
52.75
58.6875
74.625
94.1875
114.25
129.5625
133.5
128.0
118.9375
109.5625
100.75
92.6875
85.25
78.8125
73.25
68.8125
65.5625
63.25
61.5625
60.4375
59.75
59.25
59.0
58.875
58.8125
58.625
58.4375
58.1875
57.9375
57.5
57.125
56.75
56.25
56.375
61.5625
77.5625
99.375
122.75
141.3125
147.25
142.875
134.6875
125.6875
116.625
107.6875
99.0
90.75
83.375
77.3125
72.25
68.5
65.6875
63.8125
62.625
61.9375
61.625
61.5
61.4375
61.3125
61.0625
60.75
60.3125
59.625
59.0
58.3125
57.75
57.5
61.375
76.0625
98.0625
122.125
142.375
150.0625
146.3125
138.0625
128.8125
119.625
110.3125
101.3125
92.625
84.9375
78.4375
73.125
69.0
66.0
64.125
62.875
62.1875
61.875
61.75
61.5625
61.5
61.1875
60.8125
60.3125
59.5625
58.9375
58.1875
57.5
56.8125
56.5625
59.9375
73.375
94.0625
116.6875
136.75
145.4375
142.375
134.0625
124.375
114.6875
105.1875
96.0625
87.625
80.125
73.8125
68.6875
64.875
62.125
60.125
58.875
58.1875
57.875
57.6875
57.625
57.5625
57.4375
57.0625
56.6875
56.1875
55.625
55.0
54.25
53.625
52.9375
52.8125
57.1875
71.75
91.5625
112.125
129.5
135.75
131.25
122.125
112.375
102.875
94.125
85.9375
78.5625
72.3125
67.4375
63.625
60.6875
58.625
57.25
56.375
56.0
55.75
55.5
55.375
55.25
55.0625
54.8125
54.6875
54.4375
54.0625
53.6875
53.25
52.75
52.5
55.375
67.875
87.375
107.875
126.75
135.6875
133.5625
125.75
116.6875
107.75
99.125
90.9375
83.5
77.125
71.8125
67.6875
64.5625
62.3125
60.75
59.75
59.1875
59.0
59.0
58.9375
58.875
58.75
58.625
58.375
57.9375
57.5625
57.125
56.625
56.125
57.125
65.75
84.6875
107.5625
130.9375
146.0625
148.125
141.875
133.25
124.25
115.25
106.3125
97.5625
89.375
82.125
76.1875
71.5
67.9375
65.4375
63.9375
62.9375
62.375
62.0625
62.0
61.875
61.625
61.25
60.75
60.125
59.375
58.625
57.9375
57.3125
56.875
59.75
72.5
93.5625
117.125
138.375
148.125
145.8125
138.0
128.875
119.6875
110.4375
101.4375
92.75
84.9375
78.3125
72.9375
68.625
65.6875
63.6875
62.375
61.75
61.375
61.25
61.0
60.9375
60.6875
60.3125
59.8125
59.25
58.5625
57.8125
57.125
56.4375
55.875
56.25
63.0
80.25
101.875
124.25
140.375
143.4375
137.1875
127.8125
118.0
108.5625
99.375
90.6875
82.625
75.875
70.25
65.875
62.5625
60.3125
58.8125
57.9375
57.4375
57.1875
57.1875
57.0
56.875
56.75
56.375
55.9375
55.5
54.8125
54.25
53.625
52.9375
52.375
52.75
59.0625
74.9375
94.125
113.875
128.875
132.5
126.8125
117.4375
107.6875
98.375
89.8125
82.0
75.125
69.4375
64.9375
61.6875
59.125
57.3125
56.25
55.625
55.1875
55.0
54.875
54.75
54.6875
54.625
54.5625
54.3125
54.1875
53.8125
53.4375
53.0
52.4375
52.375
56.8125
71.4375
91.125
111.75
129.4375
136.5
133.0625
124.9375
115.75
106.5625
97.6875
89.4375
82.0625
75.875
70.875
67.0
64.1875
62.125
60.75
59.875
59.5
59.375
59.375
59.3125
59.1875
59.0
58.75
58.5
58.0625
57.5625
57.125
56.625
56.1875
58.375
69.75
90.0625
113.25
135.3125
147.1875
146.6875
139.6875
130.8125
121.75
112.75
103.8125
95.125
87.1875
80.375
74.75
70.3125
67.0625
64.8125
63.375
62.5
62.125
61.9375
61.75
61.6875
61.5
61.125
60.625
60.0
59.3125
58.625
57.875
57.25
57.0625
61.1875
76.0625
98.0
121.6875
141.375
148.6875
144.75
136.3125
126.9375
117.625
108.375
99.3125
90.8125
83.0625
76.6875
71.5
67.625
64.8125
63.0625
62.0
61.4375
61.25
61.25
61.1875
61.0
60.8125
60.4375
59.875
59.25
58.5625
57.75
57.0
56.25
55.6875
56.8125
65.5625
83.9375
105.5
127.0625
140.4375
141.1875
134.0
124.75
115.125
105.75
96.5625
87.9375
80.25
73.75
68.5
64.4375
61.4375
59.3125
58.0
57.25
56.9375
56.8125
56.75
56.75
56.625
56.4375
56.125
55.75
55.125
54.5625
53.9375
53.375
52.6875
52.0625
52.5
59.125
75.5625
94.8125
114.375
128.75
131.75
125.5625
116.125
106.3125
97.0625
88.5
80.875
74.25
68.8125
64.5625
61.25
58.8125
57.125
56.0625
55.375
55.0625
54.875
54.8125
54.625
54.5625
54.4375
54.1875
54.125
53.8125
53.5625
53.25
52.875
52.25
51.9375
54.6875
67.0
86.3125
106.6875
125.6875
135.125
133.625
126.125
117.0625
107.9375
99.3125
91.0
83.5625
77.125
71.8125
67.625
64.5625
62.375
60.8125
59.875
59.375
59.1875
59.125
59.125
59.0
58.8125
58.6875
58.375
58.0
57.5625
57.125
56.5625
56.0
56.9375
65.1875
83.75
106.6875
130.0625
145.75
148.3125
142.5
133.9375
124.75
115.6875
106.5625
97.6875
89.375
82.0625
76.0625
71.25
67.75
65.3125
63.6875
62.75
62.375
62.125
62.0625
61.9375
61.8125
61.5
61.0625
60.375
59.6875
58.875
58.125
57.375
56.75
58.375
68.8125
88.875
112.0625
134.5
147.0625
146.6875
139.375
130.25
121.0
111.75
102.6875
93.9375
85.9375
79.0625
73.5
69.0
65.875
63.75
62.375
61.5625
61.1875
61.0
60.9375
60.8125
60.5625
60.1875
59.75
59.1875
58.5625
57.875
57.0625
56.375
55.6875
55.5
59.375
73.25
93.75
115.8125
134.9375
142.5
139.0
130.4375
120.875
111.25
101.9375
93.0
85.0
78.0
72.1875
67.5625
64.0
61.5625
59.6875
58.5625
57.75
57.3125
57.0625
56.875
56.5625
56.25
55.875
55.4375
54.9375
54.375
53.75
53.0625
52.5
51.875
51.375
52.4375
60.875
78.1875
97.3125
116.8125
129.8125
131.1875
124.1875
114.5625
104.875
95.8125
87.375
79.75
73.125
67.75
63.5
60.25
57.875
56.3125
55.3125
54.6875
54.5
54.375
54.3125
54.25
54.25
54.1875
54.125
53.9375
53.6875
53.375
53.0
52.5
51.875
51.5
53.9375
65.875
84.9375
104.8125
123.3125
132.5625
130.6875
122.6875
113.375
104.3125
95.9375
88.25
81.375
75.5
70.625
66.8125
64.125
62.125
60.6875
59.8125
59.3125
58.9375
58.6875
58.4375
58.25
58.0625
57.875
57.625
57.25
56.875
56.4375
55.875
55.5625
55.875
61.6875
78.0
99.875
123.0625
141.0
146.4375
142.0
133.9375
125.0625
116.125
107.25
98.625
90.375
83.0625
76.8125
71.9375
68.125
65.375
63.5625
62.4375
61.75
61.4375
61.375
61.25
61.1875
60.9375
60.625
60.125
59.5
58.6875
58.0
57.3125
56.75
58.375
68.8125
89.125
112.375
134.75
147.1875
146.6875
139.3125
130.3125
121.0
111.9375
103.0625
94.4375
86.4375
79.6875
74.125
69.625
66.375
64.0625
62.625
61.8125
61.4375
61.1875
61.125
61.0625
60.9375
60.5625
60.1875
59.625
58.875
58.1875
57.375
56.625
55.9375
56.1875
62.25
78.6875
99.875
122.0
138.4375
142.4375
136.9375
128.0
118.4375
108.875
99.75
91.0625
83.25
76.5
70.9375
66.5
63.1875
60.75
59.0625
58.0625
57.4375
57.125
56.9375
56.875
56.6875
56.4375
56.1875
55.8125
55.3125
54.6875
54.0625
53.375
52.75
52.125
52.375
58.0625
73.625
92.625
112.375
127.875
132.3125
127.125
117.75
107.875
98.6875
90.1875
82.1875
75.25
69.5
64.9375
61.4375
58.875
57.1875
56.0
55.375
55.0625
54.8125
54.6875
54.625
54.5
54.375
54.1875
54.0
53.625
53.3125
52.875
52.5
52.0
51.625
53.9375
65.1875
83.875
103.5625
122.25
132.125
131.0625
123.625
114.625
105.6875
97.25
89.5625
82.4375
76.3125
71.25
67.4375
64.5
62.3125
60.8125
59.75
59.125
58.75
58.5625
58.4375
58.3125
58.125
58.0
57.8125
57.375
56.9375
56.5
56.0625
55.5
55.9375
62.0
78.8125
100.9375
124.25
142.0625
147.25
142.625
134.5625
125.625
116.625
107.625
98.875
90.5625
83.125
76.9375
71.875
68.125
65.3125
63.4375
62.375
61.8125
61.5
61.4375
61.4375
61.375
61.1875
60.8125
60.25
59.625
58.9375
58.1875
57.5625
57.0
58.8125
69.4375
89.4375
112.5
134.6875
147.0
146.4375
139.1875
130.125
120.875
111.6875
102.6875
94.0
86.0
79.25
73.625
69.1875
66.0
63.8125
62.375
61.625
61.1875
61.0
60.9375
60.875
60.6875
60.375
59.9375
59.4375
58.75
58.0
57.3125
56.5625
55.9375
55.8125
60.25
75.0
95.8125
118.25
136.9375
143.5625
139.25
130.3125
120.5625
111.0
101.6875
92.875
84.6875
77.625
71.6875
67.0
63.4375
60.9375
59.1875
58.1875
57.6875
57.375
57.3125
57.1875
57.0625
56.875
56.5
56.125
55.6875
55.0625
54.375
53.75
53.125
52.5
51.875
53.8125
64.375
82.375
101.625
120.25
130.75
130.125
122.375
112.75
103.1875
94.25
86.0
78.625
72.375
67.25
63.3125
60.25
58.0625
56.5625
55.625
55.0625
54.75
54.625
54.5
54.4375
54.3125
54.1875
54.125
54.0625
53.75
53.5
53.125
52.625
52.1875
52.875
60.375
78.0625
98.375
119.3125
134.25
136.9375
130.625
121.3125
111.75
102.4375
93.75
85.75
78.6875
72.875
68.25
65.0625
62.6875
61.1875
60.125
59.625
59.375
59.25
59.1875
59.0625
58.9375
58.5625
58.25
57.8125
57.375
56.75
56.25
55.6875
55.4375
58.4375
71.375
92.375
115.6875
137.125
147.5625
145.8125
138.375
129.5625
120.5
111.5625
102.6875
94.0
86.125
79.375
73.75
69.375
66.1875
64.0
62.6875
61.875
61.5625
61.4375
61.4375
61.375
61.1875
60.9375
60.5
59.875
59.1875
58.4375
57.625
57.0
56.6875
60.0625
73.6875
94.75
117.9375
138.5
147.4375
144.5625
136.5625
127.375
118.125
108.875
99.9375
91.4375
83.875
77.375
72.125
68.0625
65.0625
63.25
62.0
61.3125
60.9375
60.9375
60.9375
60.9375
60.8125
60.5
60.0625
59.5
58.875
58.0625
57.25
56.5
55.8125
56.0625
62.3125
78.8125
99.8125
121.5
137.5625
141.375
135.5
126.25
116.5
106.9375
97.875
89.375
81.625
75.0625
69.5625
65.3125
62.125
59.8125
58.3125
57.5
57.0
56.75
56.75
56.6875
56.625
56.4375
56.1875
55.75
55.375
54.75
54.125
53.4375
52.8125
52.1875
52.0
56.5
70.9375
89.875
109.4375
126.125
132.0625
127.8125
118.8125
109.0
99.5
90.8125
82.875
75.9375
70.1875
65.5
61.9375
59.3125
57.4375
56.1875
55.5625
55.0625
54.875
54.8125
54.75
54.625
54.375
54.1875
54.0625
53.875
53.5
53.125
52.625
52.125
51.625
52.9375
62.625
81.0625
100.9375
120.6875
133.0
133.25
126.0
116.9375
107.9375
99.5
91.8125
84.625
78.0625
72.625
68.5625
65.625
63.375
61.8125
60.5
59.6875
59.25
59.0
58.8125
58.6875
58.5625
58.375
58.25
57.8125
57.4375
57.0625
56.6875
56.1875
56.4375
61.8125
78.0
100.0
123.625
142.25
148.25
144.125
136.0
127.125
118.0625
109.0625
100.25
91.875
84.3125
78.0625
72.8125
68.9375
66.1875
64.3125
63.1875
62.5
62.1875
62.0625
62.0625
61.9375
61.75
61.375
60.8125
60.125
59.375
58.6875
57.9375
57.375
58.9375
69.3125
89.3125
112.6875
135.3125
148.1875
148.0625
141.0625
132.25
123.25
114.1875
105.1875
96.4375
88.25
81.25
75.3125
70.6875
67.1875
64.8125
63.3125
62.5
62.0625
61.875
61.875
61.6875
61.5
61.1875
60.8125
60.125
59.4375
58.625
57.8125
57.0
56.375
56.25
61.0
76.4375
97.8125
120.75
139.3125
145.5625
140.9375
132.1875
122.4375
112.8125
103.4375
94.5625
86.4375
79.25
73.3125
68.5
64.875
62.1875
60.3125
59.125
58.5
58.25
58.0
57.75
57.5625
57.375
57.0
56.5625
56.0
55.375
54.625
54.0
53.3125
52.5625
52.1875
54.6875
66.5
85.375
105.25
123.875
133.4375
131.625
123.5625
113.875
104.375
95.375
87.0
79.625
73.1875
68.0
63.875
60.75
58.4375
56.875
56.0
55.5625
55.25
55.125
55.0
55.0
54.875
54.875
54.625
54.375
54.125
53.75
53.375
52.8125
52.25
52.625
59.125
75.625
95.5625
115.875
131.0625
134.625
128.9375
120.0
110.8125
102.125
94.0
86.5
79.75
74.0625
69.5
66.1875
63.6875
61.875
60.6875
59.875
59.4375
59.125
59.0
58.875
58.75
58.5625
58.3125
58.0625
57.5625
57.1875
56.6875
56.1875
55.8125
58.625
71.0625
91.875
115.0625
136.5625
147.0
145.5625
138.1875
129.375
120.4375
111.4375
102.625
94.125
86.3125
79.5
74.0625
69.75
66.625
64.4375
63.0625
62.375
62.0
61.875
61.8125
61.75
61.5625
61.25
60.75
60.125
59.375
58.625
57.875
57.1875
57.375
63.1875
80.0
102.4375
126.1875
144.1875
149.1875
144.0
135.4375
126.125
116.875
107.625
98.75
90.375
83.0
76.8125
71.6875
67.875
65.125
63.4375
62.375
61.8125
61.5625
61.5
61.4375
61.25
61.0
60.625
60.125
59.5
58.8125
57.9375
57.125
56.3125
55.6875
56.4375
64.4375
82.625
104.375
126.625
141.3125
143.25
136.75
127.625
118.0625
108.6875
99.5625
91.0
83.125
76.5
71.0
66.625
63.4375
61.0
59.4375
58.4375
57.875
57.5625
57.375
57.1875
56.9375
56.6875
56.375
55.9375
55.4375
54.875
54.125
53.5
52.8125
52.125
51.5625
53.6875
64.5
83.0625
102.875
122.3125
133.1875
132.3125
124.375
114.5
104.8125
95.5625
87.1875
79.5
72.875
67.5
63.4375
60.375
58.0
56.5625
55.625
55.125
54.875
54.75
54.625
54.4375
54.3125
54.1875
54.0
53.8125
53.6875
53.3125
53.0
52.5
52.125
51.5625
52.5
61.0625
78.75
98.25
117.875
130.875
132.3125
125.8125
116.875
107.875
99.3125
91.4375
84.0625
77.625
72.1875
68.0625
64.9375
62.625
60.9375
59.75
59.0625
58.625
58.375
58.1875
58.125
57.9375
57.9375
57.6875
57.4375
57.0
56.5
56.125
55.625
55.25
56.875
66.9375
86.3125
108.875
131.125
144.625
145.4375
138.875
130.0625
120.8125
111.6875
102.625
94.0625
86.1875
79.4375
73.8125
69.5
66.375
64.1875
62.8125
62.0625
61.6875
61.5625
61.5
61.4375
61.3125
60.9375
60.5
59.8125
59.125
58.4375
57.6875
56.9375
56.375
58.25
68.9375
88.6875
111.625
133.875
146.25
146.0
138.75
129.6875
120.375
111.25
102.25
93.75
85.9375
79.1875
73.625
69.1875
66.0
63.8125
62.4375
61.5625
61.25
61.0
60.8125
60.6875
60.4375
60.1875
59.6875
59.125
58.4375
57.75
57.0
56.3125
55.625
55.25
57.625
69.125
88.75
110.75
131.625
142.5
141.3125
133.6875
124.3125
114.75
105.5
96.5625
88.125
80.75
74.5
69.4375
65.4375
62.4375
60.375
59.0
58.0625
57.5625
57.25
57.125
56.9375
56.75
56.375
55.9375
55.5
54.9375
54.375
53.625
53.0625
52.375
51.8125
52.125
58.375
74.25
93.5
113.5625
128.9375
133.0
127.5
118.125
108.3125
99.0625
90.4375
82.625
75.6875
70.0
65.4375
62.0
59.4375
57.5
56.375
55.625
55.25
55.0
54.875
54.75
54.625
54.5
54.375
54.125
53.875
53.5625
53.1875
52.8125
52.25
51.75
52.5
60.375
77.5
96.6875
116.1875
129.75
131.8125
125.875
117.125
108.125
99.625
91.625
84.3125
77.8125
72.5
68.3125
65.0625
62.75
61.0
59.8125
59.0625
58.6875
58.375
58.3125
58.1875
57.9375
57.8125
57.5
57.0625
56.6875
56.25
55.8125
55.375
54.9375
56.8125
67.3125
86.9375
109.5
131.6875
144.5
144.875
138.3125
129.75
120.75
111.6875
102.875
94.375
86.5
79.6875
74.1875
69.8125
66.625
64.3125
62.9375
62.0625
61.5
61.25
61.1875
61.0
60.6875
60.375
59.9375
59.3125
58.625
58.0
57.3125
56.75
56.375
58.875
71.0
91.5
114.6875
136.0
146.5
144.875
137.375
128.375
119.125
109.875
100.9375
92.375
84.6875
78.1875
72.8125
68.625
65.5625
63.5
62.1875
61.375
60.875
60.6875
60.5625
60.375
60.1875
59.9375
59.5625
58.9375
58.375
57.6875
56.9375
56.1875
55.5625
55.375
59.1875
73.0
93.3125
115.25
134.1875
141.9375
138.8125
130.5
120.8125
111.0625
101.625
92.875
84.8125
77.8125
71.9375
67.125
63.5625
60.875
59.125
58.0
57.4375
57.0
56.75
56.5625
56.4375
56.1875
55.875
55.5
55.0625
54.5625
53.9375
53.3125
52.625
52.0625
51.5
53.375
63.6875
81.6875
100.875
119.625
130.4375
129.875
122.3125
112.75
103.1875
94.3125
86.1875
78.75
72.375
67.125
63.125
60.0625
57.875
56.375
55.375
54.875
54.5625
54.4375
54.3125
54.25
54.125
54.0625
53.9375
53.75
53.5
53.1875
52.875
52.4375
51.875
52.0
57.4375
72.75
92.0625
111.875
128.0
133.3125
129.125
120.9375
111.9375
103.25
94.75
87.0625
80.1875
74.25
69.5
65.9375
63.25
61.3125
60.0
59.25
58.8125
58.5625
58.5
58.1875
58.0
57.8125
57.5625
57.25
56.8125
56.4375
55.9375
55.5
55.125
56.875
67.25
86.9375
109.625
132.1875
145.3125
146.0
139.25
130.5
121.5625
112.625
103.75
95.125
87.125
80.25
74.5625
70.0625
66.8125
64.375
62.875
62.0
61.5
61.3125
61.125
61.0625
60.875
60.5
60.0625
59.5
58.8125
58.1875
57.5
56.875
56.5625
59.9375
73.375
94.3125
117.3125
137.625
146.5625
143.9375
136.125
127.0625
117.9375
108.875
100.0
91.5
83.8125
77.375
72.0
68.0625
65.0625
63.125
61.875
61.25
60.875
60.6875
60.625
60.5
60.25
59.875
59.4375
58.875
58.1875
57.5
56.875
56.1875
55.6875
56.5625
64.8125
82.625
104.0
125.75
140.0625
141.875
135.375
126.1875
116.6875
107.375
98.3125
89.8125
82.3125
76.0
70.5625
66.375
63.25
60.875
59.25
58.3125
57.6875
57.1875
56.9375
56.75
56.5
56.1875
55.6875
55.375
54.9375
54.25
53.5
53.0625
52.4375
52.0
53.4375
62.75
80.375
99.6875
119.0625
131.25
132.0
125.0
115.5625
106.0
96.875
88.375
80.9375
74.125
68.5625
64.25
61.0
58.5
56.875
55.9375
55.4375
55.125
54.9375
55.0
54.875
54.6875
54.625
54.4375
54.125
53.9375
53.4375
53.125
52.625
51.9375
52.1875
58.0625
73.9375
93.125
112.6875
128.1875
132.6875
127.5
118.5
109.0
100.25
92.25
84.875
78.625
72.9375
68.5
65.625
63.0625
61.25
60.4375
59.625
59.0625
58.5625
58.5
58.6875
58.0625
57.75
58.1875
57.6875
56.8125
56.625
56.3125
55.9375
55.8125
59.0625
72.5625
93.375
116.25
136.875
146.25
143.9375
136.25
127.25
118.3125
109.3125
100.5
92.25
84.8125
78.375
73.1875
69.125
66.1875
64.25
62.8125
62.125
61.6875
61.375
61.375
61.375
61.125
60.75
60.3125
59.6875
59.0625
58.375
57.75
57.3125
58.8125
68.4375
88.0625
111.25
133.9375
147.5
148.125
141.125
132.1875
122.9375
113.75
104.8125
96.0625
88.0
80.9375
75.0625
70.3125
66.875
64.5
62.9375
62.0625
61.625
61.4375
61.4375
61.4375
61.25
60.9375
60.4375
59.875
59.25
58.4375
57.6875
56.875
56.8125
57.0625
61.6875
80.1875
102.9375
123.125
140.3125
146.4375
139.75
130.1875
121.5
111.4375
102.5
93.5625
84.75
78.375
72.3125
67.125
64.3125
61.8125
60.0
59.0625
57.9375
57.8125
57.75
56.9375
57.125
57.125
56.875
56.5625
56.0
55.75
55.375
54.5625
54.125
53.5
53.625
60.3125
76.9375
96.75
117.0
131.875
135.125
129.3125
119.875
110.25
100.9375
92.1875
84.1875
77.125
71.3125
66.5625
62.875
60.125
58.3125
56.9375
56.25
56.0
55.875
55.75
55.6875
55.75
55.5625
55.4375
55.3125
55.0625
54.5625
54.125
53.6875
53.0625
52.75
55.9375
68.875
88.3125
108.8125
127.3125
135.8125
133.5625
125.6875
116.5625
107.5625
98.875
90.6875
83.125
76.75
71.4375
67.25
64.25
62.0
60.5625
59.625
59.25
59.0625
59.125
59.1875
59.1875
59.0625
58.9375
58.5625
58.125
57.6875
57.125
56.6875
56.125
57.1875
65.8125
84.875
107.875
131.25
146.3125
148.375
142.3125
133.625
124.5625
115.375
106.25
97.375
89.1875
82.0
76.0625
71.375
67.9375
65.4375
63.75
62.9375
62.3125
62.0625
61.9375
61.875
61.75
61.5
61.0625
60.4375
59.75
59.0
58.375
57.625
57.3125
60.3125
73.375
94.5
118.125
139.0
148.5625
146.0625
138.1875
129.0
119.8125
110.8125
101.75
93.1875
85.4375
78.75
73.25
68.9375
65.8125
63.6875
62.375
61.6875
61.3125
61.1875
61.1875
61.125
61.0
60.625
60.25
59.6875
59.0625
58.3125
57.625
56.9375
56.375
57.4375
66.1875
84.875
106.6875
128.4375
141.9375
142.8125
135.8125
126.625
117.0625
107.6875
98.625
90.0
82.1875
75.625
70.125
65.75
62.5625
60.375
58.9375
58.0625
57.6875
57.5625
57.5
57.4375
57.25
57.0
56.625
56.25
55.625
55.0625
54.4375
53.8125
53.125
52.5625
53.75
62.8125
80.6875
100.375
120.0
132.3125
133.0
125.75
116.3125
106.625
97.4375
88.9375
81.25
74.5625
69.0625
64.75
61.5
59.1875
57.5
56.5
55.875
55.625
55.375
55.3125
55.1875
55.1875
55.125
54.9375
54.8125
54.5625
54.25
53.9375
53.5625
53.1875
54.3125
62.4375
80.75
102.0625
123.5625
138.1875
140.1875
133.6875
124.375
114.75
105.4375
96.6875
88.5625
81.3125
75.3125
70.5
66.8125
64.25
62.5625
61.3125
60.6875
60.375
60.1875
59.9375
59.8125
59.5625
59.25
58.875
58.4375
57.875
57.375
56.875
56.3125
55.9375
58.3125
70.1875
91.0625
114.9375
137.4375
149.1875
148.25
140.9375
132.0
122.9375
114.0
105.0
96.375
88.375
81.375
75.5625
71.0
67.5
65.125
63.625
62.75
62.25
62.0
61.9375
61.8125
61.625
61.3125
60.9375
60.25
59.5625
58.875
58.125
57.375
56.75
57.625
66.125
85.25
108.25
131.5
146.5
148.375
141.9375
133.0625
123.8125
114.5625
105.5
96.75
88.5
81.375
75.375
70.5625
67.0
64.5625
63.0
62.0625
61.625
61.5625
61.4375
61.375
61.1875
60.875
60.375
59.8125
59.125
58.375
57.5625
56.875
56.0625
55.4375
55.8125
62.375
79.125
100.125
122.0625
138.3125
142.3125
136.875
128.0
118.375
109.0
99.9375
91.25
83.375
76.625
71.0625
66.5625
63.3125
61.0
59.4375
58.3125
57.6875
57.375
57.1875
57.0625
56.8125
56.5
56.125
55.6875
55.125
54.5625
53.875
53.1875
52.5625
51.875
51.1875
51.0
55.5
70.1875
89.625
109.8125
127.375
134.1875
130.5
121.75
112.0625
102.5625
93.75
85.625
78.3125
72.0625
67.0
63.125
60.0625
58.0
56.5625
55.75
55.3125
55.125
54.9375
54.8125
54.75
54.625
54.5
54.1875
54.0625
53.6875
53.3125
52.875
52.4375
51.75
51.3125
52.9375
63.0
81.0625
100.5
119.8125
131.3125
131.5625
124.4375
115.375
106.4375
98.0625
90.1875
83.0
76.625
71.375
67.375
64.375
62.0625
60.375
59.3125
58.625
58.3125
58.125
58.0625
58.0
57.9375
57.625
57.375
57.1875
56.75
56.25
55.8125
55.3125
54.8125
56.125
65.375
84.1875
106.3125
128.8125
143.3125
145.4375
139.75
131.375
122.4375
113.375
104.375
95.6875
87.6875
80.6875
75.0
70.375
66.875
64.4375
62.875
61.875
61.25
61.0
60.9375
60.9375
60.5625
60.375
60.0625
59.4375
58.75
58.125
57.3125
56.625
56.1875
57.4375
66.6875
85.8125
108.625
131.125
145.1875
146.3125
139.625
130.75
121.6875
112.625
103.75
95.1875
87.0625
80.0625
74.3125
69.6875
66.25
63.9375
62.375
61.5
61.0
60.8125
60.6875
60.625
60.4375
60.0625
59.6875
59.125
58.5
57.6875
57.0
56.1875
55.5
55.1875
57.875
70.25
90.1875
112.125
132.3125
142.1875
140.25
132.4375
123.0625
113.625
104.5625
95.9375
87.75
80.5625
74.5625
69.5625
65.8125
63.0
61.0
59.625
58.8125
58.125
57.6875
57.3125
57.0
56.625
56.125
55.75
55.1875
54.625
53.9375
53.25
52.625
51.875
51.3125
52.6875
62.1875
80.0
99.625
119.375
131.9375
132.9375
126.0625
116.6875
107.0
97.875
89.375
81.5625
74.6875
69.0625
64.5625
61.0625
58.5625
56.8125
55.6875
55.0625
54.75
54.6875
54.625
54.625
54.5625
54.5625
54.4375
54.125
53.8125
53.4375
52.9375
52.375
51.8125
51.5625
55.1875
68.3125
86.875
106.125
123.25
130.75
127.625
119.25
109.8125
100.6875
92.3125
84.75
78.0
72.375
67.8125
64.5
62.125
60.5
59.4375
58.75
58.375
58.125
58.0
57.8125
57.625
57.5
57.3125
57.0625
56.625
56.25
55.8125
55.4375
55.0
55.75
63.375
80.9375
102.0625
124.25
139.9375
143.4375
138.1875
129.8125
120.6875
111.5
102.625
94.0625
86.125
79.25
73.6875
69.1875
65.875
63.5625
62.0625
61.1875
60.8125
60.625
60.5625
60.5
60.375
60.125
59.75
59.1875
58.5
57.875
57.1875
56.5625
56.3125
59.5625
72.75
93.5625
116.625
137.1875
146.6875
144.4375
136.75
127.6875
118.6875
109.625
100.75
92.375
84.625
78.1875
72.8125
68.6875
65.625
63.5625
62.25
61.5625
61.125
60.9375
60.8125
60.6875
60.5
60.1875
59.75
59.125
58.4375
57.625
56.9375
56.25
55.625
56.375
64.0625
81.6875
103.0
124.875
139.8125
142.25
136.0625
127.125
117.625
108.375
99.4375
90.9375
83.25
76.75
71.375
67.0
63.8125
61.5
59.9375
58.8125
58.1875
57.75
57.375
57.125
56.9375
56.625
56.125
55.75
55.125
54.5
53.8125
53.25
52.4375
51.875
52.6875
60.5625
77.625
97.1875
117.25
131.25
133.5625
127.25
117.875
108.0625
98.75
90.0625
82.1875
75.25
69.5
64.875
61.3125
58.625
56.8125
55.75
55.0625
54.8125
54.625
54.5625
54.5
54.5
54.375
54.3125
54.0625
53.75
53.4375
53.0
52.5
51.9375
51.5625
53.6875
64.6875
82.625
101.5
119.6875
129.5
128.4375
120.75
111.375
102.125
93.625
85.875
79.0625
73.25
68.625
65.0
62.5
60.8125
59.6875
59.0625
58.75
58.4375
58.1875
58.0
57.6875
57.4375
57.125
56.9375
56.5625
56.125
55.75
55.3125
54.9375
55.0
60.3125
75.9375
97.0
119.4375
137.625
143.9375
139.9375
131.75
122.5625
113.5625
104.75
96.3125
88.25
81.1875
75.1875
70.5
66.875
64.3125
62.5625
61.5
60.875
60.5625
60.5
60.4375
60.375
60.125
59.8125
59.375
58.75
58.0
57.4375
56.75
56.25
58.0625
68.5625
88.25
110.8125
132.75
145.1875
145.1875
138.1875
129.375
120.25
111.25
102.4375
93.9375
86.0
79.1875
73.4375
68.9375
65.75
63.5625
62.125
61.3125
60.9375
60.8125
60.8125
60.75
60.625
60.3125
59.8125
59.25
58.5
57.6875
56.9375
56.25
55.5625
55.8125
61.6875
78.0
99.3125
121.625
138.6875
143.3125
138.0625
129.0625
119.8125
110.625
101.6875
93.125
85.25
78.3125
72.5
67.8125
64.25
61.625
59.875
58.6875
57.875
57.4375
57.125
56.9375
56.75
56.5625
56.1875
55.75
55.3125
54.6875
54.0
53.3125
52.6875
51.9375
51.875
56.625
71.3125
90.5
110.5
127.3125
133.5
129.4375
120.6875
111.0625
101.5
92.75
84.625
77.375
71.3125
66.375
62.4375
59.5625
57.5625
56.1875
55.375
54.9375
54.75
54.6875
54.625
54.5
54.4375
54.3125
54.125
53.875
53.5625
53.25
52.75
52.1875
51.625
52.0
58.1875
74.1875
92.9375
112.25
127.0
130.75
125.3125
116.3125
106.9375
98.1875
90.25
83.0
76.6875
71.375
67.1875
64.125
62.0
60.4375
59.375
58.625
58.1875
58.0
57.6875
57.5625
57.375
57.25
56.9375
56.625
56.25
55.75
55.375
54.9375
54.5
55.9375
65.5625
84.3125
106.0625
128.0
141.8125
143.3125
137.25
128.75
119.6875
110.625
101.8125
93.1875
85.25
78.4375
72.8125
68.5625
65.3125
63.1875
61.8125
61.0625
60.75
60.6875
60.625
60.625
60.5625
60.3125
59.9375
59.375
58.6875
57.9375
57.25
56.625
56.25
59.3125
72.25
92.9375
115.875
136.6875
146.25
144.125
136.4375
127.4375
118.1875
109.1875
100.3125
91.9375
84.3125
77.75
72.375
68.25
65.1875
63.0625
61.8125
61.0
60.625
60.4375
60.4375
60.375
60.25
60.0
59.5625
59.0625
58.3125
57.5625
56.8125
56.0625
55.375
55.5625
61.75
78.0
98.6875
120.4375
136.875
141.375
136.25
127.3125
117.875
108.5
99.4375
90.875
83.125
76.3125
70.75
66.375
63.0
60.5
58.8125
57.75
57.0
56.6875
56.5625
56.4375
56.3125
56.25
55.875
55.4375
55.0
54.375
53.6875
53.125
52.5
51.75
51.8125
57.3125
72.625
91.5
111.1875
127.125
132.1875
127.375
118.3125
108.6875
99.1875
90.5625
82.5625
75.5
69.625
65.0
61.3125
58.6875
56.8125
55.5625
54.9375
54.5625
54.375
54.25
54.25
54.125
54.0625
53.875
53.6875
53.4375
53.125
52.6875
52.25
51.8125
51.375
53.0625
63.0
80.9375
99.875
118.6875
129.875
130.0625
123.25
114.4375
105.5
97.0625
89.25
82.0
75.6875
70.5
66.5
63.375
61.25
59.625
58.625
58.0
57.8125
57.6875
57.6875
57.6875
57.5
57.3125
57.0625
56.75
56.25
55.875
55.375
54.8125
55.0
60.1875
75.75
96.9375
119.75
138.1875
144.75
140.875
132.8125
123.875
115.0
106.125
97.5
89.375
82.125
75.875
71.0
67.1875
64.4375
62.6875
61.5
60.9375
60.6875
60.625
60.5
60.4375
60.25
59.875
59.4375
58.8125
58.0625
57.3125
56.75
56.125
56.9375
64.75
82.8125
104.8125
127.1875
142.4375
145.0625
139.25
130.5625
121.375
112.1875
103.25
94.5625
86.625
79.6875
73.875
69.1875
65.75
63.375
61.75
60.8125
60.375
60.125
60.0625
60.0
59.875
59.6875
59.25
58.75
58.1875
57.4375
56.75
55.9375
55.3125
55.0
57.9375
70.4375
90.125
111.5625
131.125
140.375
138.1875
130.125
120.75
111.25
102.125
93.5625
85.625
78.625
72.6875
67.9375
64.25
61.625
59.8125
58.5
57.625
57.125
56.8125
56.5625
56.4375
56.125
55.8125
55.4375
54.875
54.25
53.5
52.875
52.1875
51.625
51.25
53.9375
65.6875
83.875
103.0
121.125
130.5625
129.0
121.0
111.4375
101.875
93.0
84.875
77.5625
71.375
66.3125
62.4375
59.4375
57.3125
55.875
55.0
54.5
54.25
54.125
54.0625
54.0
53.875
53.8125
53.625
53.4375
53.125
52.8125
52.375
51.875
51.25
51.5625
57.5625
73.125
91.75
111.0625
126.0625
130.1875
125.0625
116.0625
106.625
97.75
89.75
82.5625
76.3125
71.1875
67.0625
64.0
61.875
60.4375
59.375
58.6875
58.1875
57.9375
57.75
57.5625
57.4375
57.1875
57.0
56.625
56.25
55.875
55.5
55.0625
54.8125
57.3125
69.1875
88.9375
110.9375
131.8125
142.75
142.0
134.875
126.0625
117.0
108.1875
99.5625
91.3125
83.8125
77.375
72.125
68.0
65.0
62.875
61.5625
60.6875
60.375
60.1875
60.25
60.25
60.1875
60.0
59.625
59.0625
58.3125
57.625
57.0
56.4375
56.8125
63.875
81.375
103.3125
126.0
142.25
145.875
140.5
131.9375
122.9375
114.0
104.9375
96.3125
88.0625
80.8125
74.75
69.875
66.125
63.625
61.9375
60.9375
60.4375
60.3125
60.375
60.3125
60.3125
60.125
59.75
59.3125
58.75
57.9375
57.125
56.375
55.6875
55.25
58.3125
71.1875
90.9375
112.625
132.125
141.1875
138.9375
131.1875
121.8125
112.3125
103.0625
94.1875
86.0
78.75
72.75
67.6875
63.875
61.0
59.125
57.8125
57.125
56.8125
56.6875
56.5625
56.5
56.4375
56.25
55.875
55.4375
54.8125
54.125
53.5
52.875
52.125
51.875
55.75
69.1875
87.9375
107.4375
124.625
131.9375
128.625
120.0
110.1875
100.75
92.0625
84.0
76.9375
70.875
66.0
62.25
59.4375
57.3125
55.9375
55.0625
54.6875
54.375
54.1875
54.1875
54.125
54.0
53.875
53.75
53.5
53.25
52.875
52.4375
51.875
51.5625
53.8125
65.0625
83.625
103.5
122.75
133.3125
132.5
124.875
115.375
105.75
96.875
88.6875
81.3125
74.9375
69.75
65.875
62.9375
60.9375
59.625
58.8125
58.3125
58.125
58.0625
58.0
57.8125
57.625
57.5
57.125
56.6875
56.25
55.75
55.25
54.8125
55.3125
62.6875
80.375
102.1875
125.0625
141.5
145.125
139.75
131.125
122.0625
113.125
104.3125
95.625
87.625
80.625
74.75
70.125
66.6875
64.25
62.625
61.625
61.125
60.875
60.8125
60.6875
60.5625
60.1875
59.8125
59.25
58.5625
57.875
57.1875
56.5625
56.0625
57.25
66.3125
85.0625
107.0
128.8125
142.5
143.5
136.8125
128.125
119.0
109.875
101.0625
92.5
84.75
77.9375
72.4375
68.0625
64.875
62.625
61.25
60.375
60.0625
59.9375
59.9375
59.875
59.6875
59.4375
59.0625
58.5625
57.875
57.25
56.4375
55.75
55.125
54.875
58.4375
71.8125
91.5625
112.75
131.375
139.1875
136.0625
127.5625
117.9375
108.3125
99.3125
90.8125
83.0
76.1875
70.5
66.0
62.5
60.0
58.25
57.125
56.4375
56.125
55.875
55.8125
55.75
55.625
55.375
54.9375
54.5625
53.875
53.25
52.6875
52.0625
51.375
51.0625
54.125
66.3125
84.3125
103.1875
120.6875
129.1875
127.0625
118.8125
109.1875
99.8125
91.0625
83.125
76.0625
70.0
65.25
61.625
58.8125
56.75
55.4375
54.6875
54.1875
53.9375
53.8125
53.75
53.5625
53.5625
53.4375
53.1875
53.0625
52.8125
52.4375
52.0625
51.625
51.1875
52.875
63.0
81.25
101.125
120.875
132.6875
133.0
125.9375
116.375
106.875
98.0625
89.75
82.125
75.625
70.3125
66.25
63.25
61.125
59.75
58.8125
58.3125
58.125
58.0625
57.9375
57.875
57.6875
57.5625
57.1875
56.6875
56.25
55.75
55.25
54.75
55.0
60.4375
76.375
97.75
120.5625
138.8125
145.0625
141.125
133.1875
124.3125
115.25
106.3125
97.625
89.375
82.0
76.0
71.0
67.125
64.5
62.75
61.625
61.0625
60.75
60.625
60.5625
60.4375
60.1875
59.75
59.3125
58.625
57.875
57.1875
56.5
55.9375
56.625
64.0
81.5625
103.375
125.875
141.6875
144.6875
138.9375
130.1875
121.0
111.875
103.0
94.375
86.25
79.25
73.4375
68.75
65.25
62.8125
61.25
60.4375
60.0
59.875
59.8125
59.8125
59.75
59.5625
59.25
58.75
58.125
57.4375
56.6875
56.0
55.3125
55.125
58.875
72.125
91.625
112.6875
130.9375
138.8125
135.875
127.6875
118.375
109.0
99.9375
91.5
83.5625
76.6875
71.0625
66.4375
63.0
60.4375
58.75
57.625
56.8125
56.375
56.125
55.875
55.75
55.5
55.1875
54.8125
54.3125
53.75
53.125
52.5625
51.875
51.25
51.1875
55.5
69.5
88.375
107.9375
124.875
131.5
127.6875
118.9375
109.0625
99.6875
91.0
83.125
75.9375
70.0
65.0625
61.375
58.5625
56.5
55.1875
54.4375
54.0625
53.875
53.875
53.875
53.875
53.875
53.75
53.5625
53.3125
52.9375
52.5625
52.1875
51.625
51.125
51.9375
59.5625
76.125
94.625
113.375
126.625
128.9375
122.8125
113.6875
104.4375
95.8125
88.0625
81.0
74.9375
69.9375
66.0625
63.25
61.3125
60.0
59.0625
58.4375
58.0
57.6875
57.4375
57.1875
57.0
56.8125
56.5625
56.25
55.75
55.3125
55.0
54.5625
54.375
57.5625
70.4375
90.5
112.75
133.125
142.875
141.3125
134.0
125.125
116.0625
107.1875
98.5
90.1875
82.6875
76.3125
71.25
67.1875
64.375
62.4375
61.25
60.625
60.3125
60.1875
60.1875
60.125
60.0
59.625
59.1875
58.625
57.9375
57.3125
56.625
56.125
56.5
63.4375
80.5625
102.1875
124.6875
140.9375
144.8125
139.4375
131.0
122.0625
113.0625
104.125
95.5
87.4375
80.3125
74.375
69.5625
66.0625
63.5
61.9375
60.9375
60.4375
60.1875
60.25
60.125
60.0625
59.875
59.5
58.9375
58.1875
57.5625
56.75
56.0625
55.4375
55.375
59.75
74.25
94.5625
116.25
134.3125
141.125
137.3125
128.8125
119.5
110.0625
101.1875
92.6875
84.8125
77.875
72.125
67.4375
63.875
61.3125
59.5
58.25
57.4375
57.0
56.6875
56.5
56.375
56.1875
55.8125
55.3125
54.875
54.1875
53.5
52.875
52.1875
51.5625
51.8125
57.75
73.4375
92.1875
111.8125
127.1875
131.5625
126.5625
117.375
107.8125
98.625
90.0
82.125
75.25
69.4375
64.75
61.125
58.5
56.5625
55.3125
54.6875
54.25
54.125
54.125
54.125
54.0625
54.0625
53.9375
53.8125
53.4375
53.125
52.75
52.25
51.75
51.5
54.6875
67.3125
85.8125
105.125
122.6875
130.75
128.5
120.6875
111.5625
102.6875
94.375
86.625
79.8125
73.9375
69.1875
65.4375
62.625
60.6875
59.25
58.3125
57.875
57.625
57.625
57.5625
57.4375
57.25
57.0
56.625
56.25
55.6875
55.25
54.75
54.4375
55.625
64.625
83.1875
105.0625
127.25
141.4375
143.5
137.5625
129.1875
120.25
111.375
102.5625
94.0625
86.25
79.4375
73.75
69.25
65.875
63.4375
61.875
61.0
60.5
60.3125
60.25
60.1875
60.0625
59.75
59.375
58.8125
58.125
57.5
56.8125
56.3125
56.0625
59.9375
73.8125
94.8125
117.75
137.5
145.625
142.375
134.125
124.9375
115.75
106.6875
97.9375
89.6875
82.375
76.0625
70.9375
67.0
64.125
62.1875
61.0
60.375
60.0625
60.0625
60.0625
60.0
59.75
59.5
59.0625
58.5
57.8125
57.0625
56.4375
55.6875
55.25
56.8125
66.875
85.6875
106.8125
127.375
139.25
139.1875
132.0625
122.875
113.5
104.4375
95.75
87.625
80.1875
73.9375
68.75
64.8125
61.875
59.75
58.3125
57.375
56.875
56.5
56.3125
56.1875
56.0625
55.75
55.3125
54.9375
54.4375
53.8125
53.125
52.5
51.8125
51.375
53.375
63.875
82.0
101.375
120.3125
131.375
130.9375
123.5625
114.0
104.4375
95.4375
87.0625
79.5
72.875
67.5
63.3125
60.0625
57.75
56.1875
55.1875
54.6875
54.4375
54.375
54.3125
54.3125
54.25
54.125
54.0
53.75
53.4375
53.0625
52.6875
52.1875
51.5625
51.8125
56.875
71.6875
90.375
109.6875
125.5
131.0
126.875
118.4375
109.3125
100.875
92.9375
85.5
78.875
73.3125
68.875
65.375
62.875
60.9375
59.5625
58.6875
58.125
57.8125
57.6875
57.625
57.5625
57.375
57.125
56.875
56.4375
56.0
55.625
55.25
54.8125
56.75
67.3125
86.625
108.625
130.3125
143.0
143.5625
137.125
128.5
119.625
110.875
102.125
93.6875
86.0
79.1875
73.625
69.25
66.0
63.75
62.25
61.375
60.875
60.625
60.5625
60.4375
60.3125
60.0625
59.5625
59.0625
58.375
57.6875
57.125
56.5
56.375
60.125
74.1875
95.125
117.9375
137.75
145.9375
143.0
135.1875
126.3125
117.25
108.3125
99.5
91.125
83.5
77.0625
71.75
67.625
64.6875
62.6875
61.4375
60.75
60.4375
60.375
60.3125
60.25
60.125
59.8125
59.4375
58.8125
58.25
57.5625
56.8125
56.125
55.5625
56.5625
64.875
82.875
104.1875
125.75
139.8125
141.5625
135.0625
126.0625
116.8125
107.6875
98.9375
90.625
82.9375
76.25
70.8125
66.5
63.25
60.875
59.375
58.25
57.5625
57.1875
56.9375
56.8125
56.625
56.375
55.875
55.5
55.0625
54.4375
53.6875
53.125
52.5
51.8125
52.4375
59.6875
76.25
95.75
115.8125
130.3125
133.5625
127.8125
118.875
109.3125
100.125
91.5
83.5
76.375
70.375
65.625
61.9375
59.1875
57.1875
56.0625
55.3125
55.0
54.75
54.6875
54.5625
54.4375
54.4375
54.3125
54.125
53.875
53.5625
53.125
52.6875
52.25
51.75
53.125
62.6875
80.5
99.8125
119.125
130.875
131.5
124.4375
115.25
105.9375
97.3125
89.4375
82.25
76.0
70.9375
66.875
63.875
61.875
60.4375
59.5
58.875
58.5625
58.375
58.125
58.0
57.875
57.75
57.4375
57.0625
56.5625
56.25
55.875
55.375
55.0625
57.875
70.1875
90.125
112.1875
132.75
143.1875
142.125
135.125
126.5625
117.6875
108.6875
100.0625
91.6875
84.0625
77.5625
72.3125
68.3125
65.3125
63.3125
62.0625
61.25
60.8125
60.75
60.625
60.5
60.375
60.125
59.6875
59.0625
58.375
57.6875
57.0625
56.3125
56.1875
60.5
75.25
96.5625
119.5
139.0
146.75
143.375
135.375
126.375
117.4375
108.5
99.6875
91.3125
83.6875
77.1875
71.8125
67.6875
64.75
62.75
61.5625
60.875
60.625
60.5
60.5
60.375
60.1875
59.875
59.375
58.8125
58.1875
57.375
56.625
55.9375
55.25
56.0
63.375
80.875
102.0625
124.0
139.375
142.25
136.25
127.4375
118.0625
108.875
99.875
91.375
83.5
76.75
71.1875
66.6875
63.3125
60.875
59.1875
58.125
57.5625
57.125
56.9375
56.8125
56.625
56.4375
56.0625
55.6875
55.0625
54.4375
53.75
53.125
52.4375
51.8125
52.125
58.5
74.6875
93.9375
113.8125
129.0
132.9375
127.5625
118.625
109.0
99.875
91.25
83.3125
76.25
70.375
65.625
61.9375
59.1875
57.25
56.0625
55.25
54.875
54.75
54.75
54.6875
54.6875
54.5625
54.375
54.1875
53.8125
53.4375
53.0625
52.5625
52.0
51.8125
55.4375
68.9375
87.875
107.625
125.125
132.75
130.0
122.0625
113.1875
104.4375
96.125
88.25
81.125
75.0625
70.0625
66.1875
63.3125
61.25
59.75
58.875
58.3125
58.125
57.9375
57.875
57.6875
57.5
57.25
56.9375
56.5
56.0
55.625
55.1875
54.75
55.875
64.625
83.0
105.0
127.4375
142.3125
144.8125
138.9375
130.375
121.375
112.4375
103.5625
94.9375
86.9375
80.0
74.25
69.625
66.1875
63.8125
62.25
61.3125
60.875
60.625
60.5
60.375
60.25
59.9375
59.5625
59.0
58.375
57.75
57.125
56.5
56.125
58.875
71.0
91.3125
113.6875
134.3125
144.5625
142.9375
135.375
126.5
117.5
108.75
100.0
91.6875
84.125
77.5625
72.25
68.0625
65.0625
62.9375
61.5625
60.75
60.4375
60.25
60.1875
60.0625
59.875
59.5625
59.125
58.5625
57.8125
57.125
56.3125
55.6875
55.0
55.4375
62.125
78.6875
99.375
120.875
136.625
140.25
134.75
125.625
116.0625
106.75
97.9375
89.5625
82.0
75.5
70.0625
65.875
62.625
60.25
58.5625
57.5625
56.875
56.5
56.1875
56.125
55.875
55.625
55.3125
54.875
54.375
53.75
53.1875
52.5625
51.9375
51.3125
52.0
59.1875
75.6875
94.5
113.6875
127.625
130.5625
124.8125
115.5625
106.0625
96.9375
88.5
80.8125
74.125
68.5625
64.125
60.75
58.25
56.4375
55.25
54.625
54.1875
54.0
53.8125
53.75
53.625
53.625
53.4375
53.25
53.0625
52.6875
52.375
51.9375
51.4375
51.1875
54.6875
67.875
86.6875
106.125
123.8125
132.0
129.6875
122.0
113.0
104.0
95.5
87.6875
80.5625
74.5625
69.625
65.8125
62.9375
60.8125
59.375
58.375
57.875
57.75
57.6875
57.625
57.5625
57.4375
57.25
56.9375
56.5625
56.0625
55.625
55.125
54.625
55.3125
62.75
80.25
101.6875
124.1875
140.25
144.0
138.75
130.4375
121.5625
112.625
103.8125
95.1875
87.1875
80.125
74.3125
69.625
66.1875
63.8125
62.1875
61.25
60.6875
60.4375
60.375
60.375
60.1875
60.0
59.625
59.125
58.4375
57.75
57.0625
56.375
55.875
57.6875
68.1875
87.625
109.75
131.1875
143.375
143.375
136.5
127.6875
118.625
109.5625
100.6875
92.125
84.3125
77.6875
72.1875
67.875
64.6875
62.625
61.25
60.4375
60.0
59.875
59.8125
59.75
59.625
59.3125
59.0
58.4375
57.8125
57.0625
56.375
55.6875
55.125
55.0625
60.0625
75.0625
95.125
116.3125
133.6875
139.5
135.125
126.5
117.0625
107.6875
98.625
90.125
82.3125
75.625
69.9375
65.4375
62.0625
59.625
58.0
56.9375
56.4375
56.0625
55.9375
55.9375
55.875
55.75
55.5
55.125
54.5625
53.9375
53.3125
52.6875
52.0625
51.5
51.9375
58.6875
74.5
93.0625
112.125
126.4375
129.875
124.3125
115.125
105.5625
96.4375
88.0
80.375
73.6875
68.1875
63.8125
60.5
57.9375
56.25
55.125
54.5
54.125
53.9375
53.875
53.75
53.8125
53.75
53.5625
53.375
53.1875
52.75
52.4375
52.0
51.5
51.5625
56.375
70.9375
89.5625
108.9375
125.1875
131.375
127.8125
119.8125
110.9375
102.1875
94.0
86.25
79.4375
73.625
68.9375
65.375
62.6875
60.75
59.4375
58.5625
58.125
57.875
57.6875
57.625
57.5
57.375
57.0625
56.75
56.25
55.8125
55.4375
54.9375
54.625
56.8125
68.1875
87.8125
110.0
131.4375
143.1875
142.9375
136.25
127.5625
118.5625
109.625
100.875
92.5
84.8125
78.1875
72.75
68.5
65.3125
63.125
61.625
60.8125
60.3125
60.1875
60.125
60.125
60.0
59.6875
59.3125
58.75
58.125
57.375
56.75
56.0625
56.0625
60.4375
75.25
96.1875
118.625
137.3125
144.1875
140.625
132.5625
123.625
114.625
105.6875
97.0625
88.875
81.5625
75.4375
70.4375
66.625
63.9375
62.0625
60.9375
60.3125
60.0
59.875
59.8125
59.6875
59.5
59.125
58.6875
58.125
57.4375
56.6875
56.0
55.375
54.75
55.75
63.9375
81.4375
102.0
123.0
137.0625
138.9375
132.3125
122.9375
113.375
104.0
95.1875
86.875
79.375
73.0625
67.875
63.875
61.0
58.8125
57.4375
56.625
56.0625
55.8125
55.75
55.75
55.5625
55.375
55.0625
54.75
54.125
53.5625
53.0
52.375
51.75
51.125
51.6875
58.5625
74.5625
92.9375
111.875
125.75
129.0
123.3125
114.0
104.3125
95.25
86.9375
79.375
72.875
67.4375
63.25
60.0
57.6875
55.9375
54.9375
54.375
54.125
54.0625
54.0
53.875
53.8125
53.8125
53.625
53.4375
53.0625
52.75
52.375
51.875
51.5
51.3125
55.0625
68.5625
87.6875
107.75
125.9375
133.9375
131.0625
122.6875
113.1875
103.75
94.875
86.875
79.6875
73.625
68.6875
65.0
62.375
60.625
59.3125
58.5625
58.125
58.0
57.875
57.75
57.6875
57.4375
57.25
56.875
56.5
56.0
55.5625
55.0625
54.5625
55.3125
62.6875
79.9375
101.375
123.8125
140.0625
144.1875
139.375
131.3125
122.375
113.375
104.5625
95.9375
87.875
80.875
74.9375
70.0625
66.5
63.9375
62.1875
61.125
60.625
60.3125
60.25
60.125
60.0
59.875
59.5
59.0
58.3125
57.6875
56.9375
56.375
55.8125
56.5
64.0
81.625
103.0625
125.25
140.6875
143.875
138.3125
129.625
120.3125
111.125
102.25
93.625
85.6875
78.8125
73.125
68.5625
65.3125
62.9375
61.375
60.5625
60.0
59.75
59.6875
59.625
59.4375
59.1875
58.8125
58.3125
57.6875
57.0
56.25
55.5625
54.9375
54.5
56.625
67.375
85.8125
106.1875
125.6875
136.3125
135.625
128.1875
118.875
109.375
100.25
91.75
83.8125
76.9375
71.0625
66.375
62.6875
59.9375
57.9375
56.6875
56.0
55.625
55.375
55.25
55.125
55.0
54.9375
54.5625
54.125
53.625
53.0625
52.4375
51.875
51.25
50.875
53.125
63.875
81.4375
99.875
117.75
127.5625
126.75
119.0625
109.6875
100.25
91.4375
83.4375
76.3125
70.25
65.25
61.5625
58.625
56.5625
55.0625
54.25
53.75
53.4375
53.3125
53.3125
53.1875
53.125
53.0625
52.875
52.75
52.375
52.125
51.75
51.3125
50.75
51.3125
58.125
74.3125
93.0
112.25
126.875
130.75
126.0
117.6875
108.625
99.9375
91.8125
84.25
77.5625
72.0
67.4375
64.0
61.375
59.625
58.375
57.6875
57.375
57.3125
57.3125
57.3125
57.1875
56.9375
56.6875
56.3125
55.9375
55.4375
55.0625
54.5625
54.3125
57.5
70.3125
90.375
112.625
133.25
143.1875
141.6875
134.4375
125.6875
116.75
108.0
99.4375
91.125
83.5625
77.1875
71.875
67.75
64.75
62.625
61.25
60.5
60.1875
59.9375
59.9375
59.875
59.75
59.375
59.0
58.4375
57.8125
57.1875
56.5
55.875
55.8125
60.4375
74.9375
95.5
117.5
135.9375
142.8125
139.1875
131.1875
122.375
113.375
104.4375
95.875
87.8125
80.5625
74.5
69.5
65.8125
64.0625
60.875
58.3125
60.9375
60.4375
58.0
59.1875
60.625
59.0625
58.4375
58.0
57.6875
57.5625
56.0
55.375
55.25
53.9375
54.125
60.1875
75.375
95.4375
115.8125
131.625
137.4375
132.6875
123.8125
115.1875
106.1875
97.25
89.0625
81.875
75.625
70.375
66.375
63.25
60.6875
59.0625
58.125
57.3125
56.75
56.25
55.75
55.3125
54.875
54.375
53.8125
53.375
52.875
52.3125
51.6875
51.25
50.6875
50.3125
53.125
64.8125
82.5625
101.3125
119.25
128.75
127.625
120.0625
110.8125
101.4375
92.75
84.625
77.3125
71.0625
65.875
61.9375
58.8125
56.625
55.0625
54.125
53.625
53.4375
53.3125
53.375
53.4375
53.4375
53.375
53.1875
53.0625
52.8125
52.6875
52.625
53.6875
58.125
66.1875
75.25
83.9375
90.0
91.25
87.6875
81.1875
73.8125
66.9375
61.3125
56.75
53.4375
51.25
50.125
49.75
49.8125
50.3125
50.9375
51.5625
51.9375
52.1875
52.0
51.625
51.0625
50.375
49.75
49.3125
48.875
48.4375
48.125
47.6875
47.4375
47.1875
47.0
46.875
50.375
63.75
82.75
103.125
123.6875
135.0625
135.25
128.875
120.125
111.0
102.0625
93.6875
85.875
78.9375
73.125
68.4375
64.9375
62.375
60.5625
59.3125
58.625
58.1875
58.0625
57.9375
57.875
57.6875
57.375
56.9375
56.5
56.0
55.375
54.8125
54.25
54.375
59.875
75.1875
95.3125
116.875
134.4375
140.875
137.625
130.25
121.8125
113.3125
104.75
96.25
88.1875
80.9375
74.8125
69.75
65.875
63.0625
61.1875
59.9375
59.25
58.9375
58.8125
58.75
58.6875
58.625
58.25
57.875
57.3125
56.6875
56.0
55.375
54.6875
54.25
56.375
67.4375
86.625
107.8125
128.125
139.25
138.8125
131.875
123.375
114.5
105.75
97.1875
89.0
81.5
75.125
69.8125
65.5
62.25
59.875
58.1875
57.0
56.375
56.0
55.75
55.5625
55.375
55.0625
54.75
54.375
53.75
53.1875
52.4375
51.8125
51.1875
50.5
51.125
58.375
74.375
92.375
111.0625
124.875
128.5625
123.5
115.125
106.0625
97.25
89.0
81.4375
74.6875
69.0
64.375
60.8125
58.125
56.0625
54.6875
53.8125
53.375
53.0625
52.875
52.75
52.6875
52.5625
52.5
52.375
52.125
51.8125
51.4375
51.125
50.625
50.25
51.625
61.1875
78.3125
96.25
114.5625
126.4375
127.75
121.6875
113.375
104.6875
96.4375
88.8125
81.8125
75.5
70.25
66.0625
62.875
60.4375
58.625
57.5
56.75
56.4375
56.3125
56.3125
56.25
56.25
56.0625
55.875
55.5
55.0625
54.6875
54.25
53.6875
53.3125
55.875
67.3125
86.125
107.125
127.5625
138.9375
139.0625
132.75
124.5
115.8125
107.3125
98.9375
90.6875
83.1875
76.75
71.5
67.25
64.25
62.0625
60.6875
59.875
59.375
59.1875
59.0625
58.9375
58.8125
58.5625
58.125
57.5625
56.9375
56.25
55.5625
55.0
54.75
57.5625
69.9375
89.375
110.875
130.8125
140.8125
139.5625
132.375
123.6875
114.75
105.9375
97.3125
89.125
81.6875
75.4375
70.25
66.3125
63.375
61.3125
60.0625
59.3125
58.9375
58.875
58.75
58.6875
58.625
58.3125
57.9375
57.375
56.8125
56.125
55.375
54.6875
54.1875
53.9375
57.625
70.9375
89.8125
110.1875
128.0625
136.0
133.375
125.6875
116.625
107.5
98.8125
90.5625
82.8125
76.0625
70.5
65.9375
62.5625
59.9375
58.125
56.8125
56.0625
55.5625
55.25
55.125
54.9375
54.6875
54.4375
54.125
53.625
53.125
52.5
52.0
51.375
50.8125
50.4375
52.5625
63.25
80.625
98.75
116.5625
126.9375
126.5625
119.375
110.0625
100.6875
91.9375
84.0
76.6875
70.5
65.5
61.5
58.5625
56.4375
54.9375
53.9375
53.4375
53.1875
53.0625
53.0
53.0625
52.9375
52.8125
52.8125
52.625
52.25
51.8125
51.5
51.0
50.5
50.375
54.375
67.5625
85.125
103.1875
119.625
127.3125
125.125
117.5625
108.625
100.0625
91.9375
84.375
77.6875
72.125
67.4375
63.8125
61.1875
59.375
58.125
57.25
56.8125
56.5
56.375
56.3125
56.1875
56.0625
55.8125
55.5
55.25
54.8125
54.3125
54.0625
53.5625
54.0625
60.8125
77.3125
97.75
119.5
136.0
140.75
136.25
128.375
119.625
110.75
102.0625
93.6875
85.8125
78.875
73.1875
68.5625
65.0625
62.625
61.0
59.9375
59.375
59.125
58.9375
58.9375
58.8125
58.6875
58.3125
57.75
57.125
56.5
55.8125
55.3125
54.75
55.5
63.125
80.3125
101.3125
122.875
138.0625
141.125
135.5
126.8125
117.75
108.875
100.0
91.6875
84.0625
77.375
71.75
67.375
64.0625
61.6875
60.125
59.1875
58.5625
58.4375
58.4375
58.4375
58.3125
58.125
57.75
57.3125
56.8125
56.1875
55.5
54.8125
54.1875
53.8125
56.375
67.875
86.375
106.4375
125.3125
135.125
133.875
126.4375
117.25
108.0
99.125
90.625
82.875
76.1875
70.5625
66.0625
62.5625
59.9375
58.0
56.625
55.8125
55.25
54.875
54.6875
54.5625
54.25
54.0
53.6875
53.25
52.75
52.1875
51.625
51.0
50.5
50.3125
54.0625
67.0
84.5
102.6875
118.875
126.25
123.625
115.75
106.5
97.4375
88.9375
81.0625
74.125
68.4375
64.0625
60.3125
57.3125
55.3125
53.875
53.4375
53.3125
52.875
52.5
52.3125
52.4375
52.625
52.5
52.375
52.0625
51.75
51.375
51.0625
50.6875
50.4375
52.125
62.125
79.125
96.875
114.25
124.5
124.625
117.9375
109.3125
100.625
92.5
85.1875
78.5
72.75
68.125
64.5
61.875
59.8125
58.375
57.5
56.875
56.5625
56.375
56.25
56.0
55.9375
55.625
55.375
55.0
54.5
54.125
53.75
53.3125
54.0
61.125
77.9375
98.25
119.5
135.625
139.9375
135.3125
127.3125
118.5
109.6875
101.0625
92.6875
84.9375
78.1875
72.5
68.125
64.8125
62.5625
61.0
60.0
59.375
59.1875
59.0625
58.875
58.75
58.5
58.1875
57.6875
57.1875
56.5625
56.0
55.375
54.9375
57.4375
68.875
88.1875
109.6875
130.0625
140.8125
140.0625
132.9375
124.25
115.1875
106.4375
97.875
89.625
82.0625
75.6875
70.4375
66.25
63.375
61.4375
60.1875
59.5
59.25
59.0625
59.0
59.0625
58.875
58.625
58.25
57.8125
57.125
56.4375
55.8125
55.125
54.5
55.4375
62.9375
79.4375
99.0625
119.3125
133.4375
136.3125
130.75
122.0625
112.9375
103.9375
95.25
87.125
79.9375
73.875
68.8125
65.0625
62.1875
60.1875
58.875
58.0625
57.6875
57.5625
57.5625
57.5625
57.375
57.125
56.6875
56.125
55.4375
54.5625
53.6875
52.625
51.8125
51.25
53.5
64.5
82.0625
100.75
118.8125
128.9375
128.5625
121.3125
112.125
102.875
94.0625
85.8125
78.375
72.125
66.875
62.8125
59.6875
57.375
55.75
54.75
54.1875
53.875
53.625
53.5
53.5
53.375
53.25
53.0625
52.8125
52.4375
52.0625
51.6875
51.1875
50.625
50.5625
54.5625
67.4375
84.375
101.875
117.25
123.6875
120.4375
112.0
102.4375
93.5
85.3125
77.9375
71.5
66.25
62.1875
59.1875
56.875
55.4375
54.3125
53.6875
53.4375
53.4375
53.75
54.125
54.625
55.0625
55.5
55.8125
56.0
56.0
55.8125
55.375
54.875
55.625
62.9375
79.0625
98.4375
118.5
132.625
135.875
130.625
122.1875
113.1875
104.375
95.9375
87.9375
80.75
74.6875
69.75
65.9375
63.1875
61.25
60.0
59.125
58.6875
58.5625
58.375
58.25
58.0625
57.9375
57.5625
57.0625
56.5625
56.0625
55.5
55.0625
55.1875
60.6875
76.4375
97.4375
120.25
138.6875
145.125
141.3125
133.5625
124.875
116.125
107.375
98.8125
90.4375
83.0
76.6875
71.4375
67.3125
64.4375
62.4375
61.125
60.5
60.1875
60.0
59.9375
59.9375
59.75
59.375
58.9375
58.4375
57.6875
56.9375
56.3125
55.625
55.4375
59.0
72.5625
92.75
115.0
134.6875
143.375
140.8125
132.875
123.8125
114.6875
105.6875
97.0
88.875
81.5625
75.4375
70.3125
66.4375
63.625
61.75
60.5625
59.875
59.5
59.1875
59.25
59.125
58.9375
58.625
58.25
57.6875
57.0
56.375
55.6875
54.9375
54.3125
54.5
60.25
75.25
94.25
114.375
130.0
134.9375
130.25
121.75
112.3125
103.0625
94.3125
86.125
78.75
72.375
67.25
63.0625
60.0
57.9375
56.4375
55.5
55.0625
54.8125
54.75
54.75
54.625
54.5625
54.3125
54.0
53.625
53.25
52.6875
52.25
51.6875
51.125
51.4375
57.3125
72.0625
89.8125
108.1875
122.625
126.875
121.8125
112.8125
103.25
94.3125
86.1875
78.8125
72.4375
67.125
63.0
59.75
57.375
55.75
54.625
54.0
53.6875
53.5
53.4375
53.25
53.25
53.1875
53.0
52.9375
52.8125
52.8125
52.875
53.0625
53.1875
54.25
60.75
76.3125
95.3125
115.1875
130.5625
135.0625
130.5
122.0625
112.9375
104.0625
95.625
87.6875
80.5625
74.375
69.5
65.8125
63.0625
61.125
59.6875
58.9375
58.5
58.25
58.125
58.0
57.8125
57.5625
57.3125
57.0
56.625
56.125
55.6875
55.1875
54.875
57.25
68.5
88.0625
110.4375
132.125
144.3125
144.25
137.375
129.0625
120.4375
111.6875
103.0625
94.8125
86.75
80.0
74.375
69.75
66.5
63.9375
62.3125
61.375
60.6875
60.5
60.5
60.4375
60.1875
59.8125
59.375
58.8125
58.25
57.5625
56.875
56.1875
55.5625
56.5625
64.875
82.875
104.3125
126.1875
140.75
143.0625
137.3125
129.0
119.9375
110.875
102.1875
93.75
85.9375
79.125
73.375
68.75
65.375
63.0
61.4375
60.5625
59.9375
59.75
59.625
59.6875
59.5625
59.3125
58.9375
58.5
57.875
57.25
56.5
55.75
55.125
54.6875
56.625
66.625
84.75
105.3125
125.3125
136.875
137.0
129.875
120.6875
111.25
102.1875
93.5625
85.5
78.4375
72.375
67.375
63.4375
60.5625
58.4375
57.0625
56.1875
55.75
55.4375
55.3125
55.25
55.1875
55.0625
54.8125
54.4375
54.0
53.5
52.9375
52.4375
51.8125
51.1875
52.25
60.5
77.0
95.375
114.0
126.5
128.375
122.25
113.25
103.875
95.125
86.9375
79.5
73.0625
67.625
63.375
60.1875
57.8125
56.0625
55.0
54.1875
53.9375
53.75
53.625
53.5625
53.5
53.4375
53.375
53.25
52.9375
52.625
52.3125
51.9375
51.375
51.625
57.0625
72.375
91.125
110.6875
126.8125
132.375
128.625
120.6875
111.875
103.1875
95.0
87.25
80.375
74.375
69.625
65.875
63.0625
61.125
59.625
58.875
58.5
58.0
57.8125
58.0
57.8125
57.5625
57.3125
56.9375
56.5625
56.0
55.625
55.1875
54.75
56.375
66.1875
84.8125
106.4375
128.25
142.0
143.625
137.8125
129.375
120.625
112.0
103.4375
95.125
87.1875
80.3125
74.4375
69.8125
66.3125
63.875
62.1875
61.125
60.6875
60.375
60.3125
60.25
60.125
59.9375
59.5625
59.0
58.375
57.6875
57.0
56.4375
56.0625
58.5
70.0
89.5625
111.5625
132.375
143.375
142.625
135.4375
126.75
117.8125
109.125
100.4375
92.125
84.5625
78.0
72.5625
68.3125
65.1875
63.0
61.6875
60.75
60.25
60.125
59.9375
59.875
59.6875
59.4375
59.0
58.5625
57.875
57.1875
56.4375
55.8125
55.1875
55.125
59.1875
72.8125
92.125
113.1875
131.5625
139.125
136.125
127.875
118.5625
109.25
100.25
91.6875
83.875
77.0
71.25
66.5625
63.0
60.375
58.5
57.375
56.6875
56.3125
56.0625
55.9375
55.875
55.6875
55.5
55.25
54.75
54.25
53.6875
53.0
52.375
51.75
51.6875
55.8125
69.3125
87.375
106.3125
122.9375
129.875
126.8125
118.5
108.9375
99.625
91.125
83.25
76.25
70.3125
65.5
61.9375
59.25
57.3125
55.75
54.875
54.5625
54.25
54.125
54.125
54.0
53.9375
53.8125
53.625
53.5
53.125
52.75
52.3125
51.875
51.5
53.625
64.125
82.0
101.25
120.25
131.4375
131.6875
124.8125
115.6875
106.4375
97.6875
89.6875
82.3125
76.0625
70.8125
66.75
63.75
61.625
60.125
59.0
58.5
58.25
58.0625
57.9375
57.8125
57.625
57.375
57.0625
56.5625
56.0625
55.625
55.1875
54.6875
55.3125
61.5
77.6875
98.625
121.0
138.375
144.0625
139.9375
132.0
123.1875
114.3125
105.5625
97.0
88.875
81.625
75.5625
70.5625
66.875
64.25
62.4375
61.3125
60.625
60.375
60.3125
60.25
60.0625
59.875
59.5
59.125
58.5
57.8125
57.125
56.5625
56.0625
56.75
64.125
81.3125
102.3125
124.0625
139.4375
142.75
137.25
128.75
119.6875
110.625
101.875
93.4375
85.5
78.6875
73.0625
68.5625
65.125
62.8125
61.3125
60.375
59.875
59.625
59.375
59.3125
59.1875
59.0
58.6875
58.1875
57.6875
57.0625
56.5
55.75
55.1875
54.875
57.4375
68.75
87.125
107.4375
126.5
136.5625
135.375
127.75
118.375
108.875
99.9375
91.625
83.75
76.875
71.125
66.5
62.875
60.1875
58.4375
57.125
56.375
56.0
55.8125
55.625
55.5625
55.375
55.125
54.8125
54.4375
54.0
53.375
52.8125
52.125
51.5625
51.0625
51.9375
59.3125
75.375
93.3125
111.625
124.9375
127.6875
122.0625
113.0
103.5625
94.8125
86.6875
79.3125
72.875
67.5625
63.375
60.25
57.875
56.1875
55.125
54.5
54.0
54.0
53.8125
53.75
53.625
53.5625
53.4375
53.25
53.0625
52.625
52.25
51.875
51.5
51.3125
54.125
66.0
84.625
104.1875
122.75
132.4375
131.0625
123.5
114.1875
105.0
96.4375
88.5
81.3125
75.1875
70.125
66.3125
63.5
61.5
60.0
59.0625
58.625
58.375
58.1875
57.9375
57.8125
57.5
57.1875
56.8125
56.375
56.0
55.5
55.0
54.5625
54.625
58.4375
72.1875
92.3125
114.3125
133.875
142.75
140.6875
133.375
124.6875
115.9375
107.125
98.625
90.5
83.1875
76.9375
71.8125
67.8125
64.8125
62.875
61.6875
60.9375
60.5
60.25
60.1875
60.0625
59.9375
59.625
59.25
58.625
58.0625
57.25
56.625
56.0
55.75
58.4375
70.5
90.0625
111.625
131.8125
142.125
140.875
133.3125
124.375
115.375
106.75
98.3125
90.25
82.875
76.625
71.4375
67.375
64.4375
62.3125
61.0625
60.1875
59.8125
59.625
59.5
59.375
59.25
59.0
58.5625
58.1875
57.625
56.9375
56.3125
55.6875
55.0
54.6875
57.125
68.25
86.3125
106.25
125.1875
135.4375
134.75
127.4375
118.375
109.125
100.3125
92.0
84.25
77.375
71.75
67.125
63.5
60.9375
58.9375
57.625
56.75
56.1875
55.875
55.6875
55.5
55.25
54.9375
54.6875
54.3125
53.875
53.3125
52.8125
52.1875
51.5
51.0
50.875
54.9375
68.0625
85.5625
103.9375
120.1875
127.375
124.75
116.6875
107.1875
98.125
89.6875
82.0
75.25
69.6875
65.0625
61.5625
58.875
57.0
55.625
54.6875
54.25
53.9375
53.6875
53.6875
53.625
53.4375
53.375
53.1875
53.0
52.75
52.25
51.875
51.5
51.0625
51.0
55.25
68.5
86.0625
104.3125
120.375
127.3125
124.625
116.75
107.75
99.25
91.375
84.3125
77.9375
72.5625
68.125
64.9375
62.625
60.875
59.625
58.75
58.25
57.9375
57.6875
57.4375
57.3125
57.0
56.8125
56.5
56.25
55.9375
55.5
55.125
54.625
54.875
59.625
74.3125
94.1875
115.625
133.75
141.25
138.5625
131.125
122.4375
113.6875
105.0
96.625
88.625
81.5625
75.625
70.75
67.125
64.375
62.5625
61.375
60.75
60.4375
60.3125
60.3125
60.25
60.125
59.8125
59.4375
58.8125
58.25
57.5625
56.9375
56.25
56.5625
62.3125
78.0625
98.75
120.4375
137.4375
142.8125
138.625
130.4375
121.5625
112.5625
103.9375
95.625
87.75
80.75
74.875
70.0625
66.375
63.8125
62.125
61.125
60.5
60.3125
60.1875
60.125
60.0
59.8125
59.5625
59.125
58.625
57.9375
57.3125
56.5
55.8125
55.1875
56.3125
64.5625
81.875
101.9375
122.3125
135.875
137.9375
132.0
123.1875
114.0625
105.125
96.625
88.5625
81.4375
75.1875
70.125
66.125
63.125
61.0
59.4375
58.5
57.8125
57.25
56.9375
56.6875
56.3125
56.0625
55.6875
55.1875
54.6875
54.0625
53.5
52.8125
52.1875
51.625
52.4375
59.75
75.75
93.8125
112.4375
126.0625
129.0
123.4375
114.5
105.125
96.1875
88.0
80.375
73.875
68.4375
64.1875
60.9375
58.5625
56.875
55.75
55.1875
54.6875
54.5
54.5
54.375
54.25
54.125
53.9375
53.75
53.4375
53.0
52.625
52.125
51.6875
51.4375
54.125
65.4375
82.6875
100.5625
117.4375
126.125
125.0
117.5
108.375
99.6875
91.5625
84.3125
77.9375
72.6875
68.375
65.125
62.75
61.125
59.9375
59.0625
58.5625
58.1875
57.875
57.625
57.375
57.0625
56.875
56.6875
56.375
56.0
55.6875
55.3125
55.0
55.6875
62.8125
79.5625
99.625
120.75
136.1875
140.375
135.6875
127.625
118.875
110.1875
101.6875
93.5
85.8125
79.125
73.6875
69.3125
66.125
63.6875
62.1875
61.25
60.75
60.5
60.4375
60.375
60.25
60.0
59.6875
59.25
58.5625
58.0
57.375
56.8125
56.5625
59.875
72.75
92.6875
114.5625
134.375
143.5625
141.5625
134.125
125.1875
116.25
107.375
98.75
90.5625
83.125
76.9375
71.75
67.6875
64.8125
62.9375
61.6875
60.9375
60.5625
60.5625
60.4375
60.4375
60.25
60.0
59.5625
59.0625
58.4375
57.75
57.0625
56.3125
55.8125
56.25
63.0625
79.4375
99.3125
120.0
135.125
138.875
133.6875
125.0625
115.8125
106.8125
98.0625
90.0
82.375
76.0
70.5625
66.375
63.1875
60.8125
59.0625
58.0
57.3125
56.75
56.5
56.375
56.1875
56.0625
55.75
55.375
55.0
54.5625
54.0
53.3125
52.6875
52.125
52.125
57.0
71.125
89.125
107.75
123.5
129.3125
125.5
116.9375
107.4375
98.25
89.875
82.25
75.375
69.75
65.1875
61.6875
59.0625
57.1875
55.875
55.0625
54.6875
54.3125
54.3125
54.25
54.1875
54.125
54.0
53.75
53.5625
53.1875
52.6875
52.3125
51.8125
51.4375
51.875
58.0
73.1875
91.0
109.25
123.4375
127.5625
122.8125
114.375
105.625
97.25
89.625
82.625
76.4375
71.4375
67.4375
64.375
62.0625
60.3125
59.125
58.375
57.9375
57.6875
57.5625
57.4375
57.3125
57.125
56.9375
56.625
56.3125
55.9375
55.5625
55.125
54.8125
56.5625
66.5
84.9375
105.8125
126.6875
139.5
140.875
134.75
126.4375
117.5625
108.8125
100.1875
91.875
84.3125
77.75
72.5
68.3125
65.25
63.125
61.75
60.9375
60.5625
60.375
60.4375
60.4375
60.3125
60.125
59.75
59.3125
58.625
58.0
57.375
56.8125
56.5
59.5625
71.8125
91.375
112.875
132.5
142.0625
140.375
133.0625
124.25
115.3125
106.5
98.0
89.8125
82.5625
76.375
71.375
67.375
64.625
62.6875
61.4375
60.75
60.4375
60.25
60.1875
60.1875
60.0
59.75
59.4375
58.9375
58.3125
57.5625
57.0
56.375
55.875
56.3125
63.0625
79.125
98.75
119.1875
134.1875
137.75
132.1875
123.3125
113.8125
104.5
95.6875
87.6875
80.25
74.0625
69.0
65.125
62.0
59.9375
58.5625
57.6875
57.1875
57.0
56.875
56.75
56.6875
56.4375
56.1875
55.75
55.4375
54.8125
54.125
53.5625
52.9375
52.3125
52.4375
57.25
71.1875
88.9375
107.25
122.375
127.6875
123.5625
114.875
105.375
96.4375
88.1875
80.8125
74.3125
68.875
64.4375
61.25
58.875
57.1875
55.9375
55.25
54.875
54.625
54.5
54.4375
54.3125
54.125
54.0625
53.875
53.5
53.1875
52.9375
52.4375
52.0625
51.75
53.25
62.6875
80.375
99.6875
119.0
131.125
131.8125
124.875
115.375
106.0625
97.3125
89.4375
82.3125
76.0625
71.0625
67.125
64.1875
62.0625
60.625
59.6875
59.125
58.875
58.75
58.625
58.5
58.3125
58.0
57.6875
57.3125
56.8125
56.3125
55.9375
55.4375
55.375
59.1875
73.0
93.3125
115.1875
134.625
143.1875
140.9375
133.75
125.25
116.4375
107.75
99.1875
90.9375
83.5625
77.25
72.1875
68.25
65.4375
63.5
62.3125
61.5625
61.25
61.0625
61.0625
60.9375
60.75
60.5
60.125
59.5625
58.9375
58.3125
57.6875
57.125
56.9375
60.875
74.5
94.625
116.4375
135.3125
143.125
140.1875
132.1875
123.25
114.3125
105.6875
97.4375
89.4375
82.3125
76.25
71.375
67.5625
64.8125
63.0
61.75
61.0625
60.6875
60.5625
60.4375
60.3125
60.0625
59.75
59.3125
58.8125
58.25
57.625
56.9375
56.25
55.75
55.9375
61.25
76.125
95.25
115.5
131.75
136.8125
132.25
123.6875
114.3125
105.125
96.4375
88.25
80.875
74.5625
69.3125
65.25
62.0625
59.75
58.25
57.3125
56.75
56.4375
56.3125
56.1875
56.125
55.9375
55.8125
55.5
55.0625
54.5
53.9375
53.375
52.8125
52.1875
52.25
56.6875
70.125
87.625
105.75
121.4375
127.5625
124.125
115.625
106.0625
97.0
88.8125
81.25
74.75
69.375
65.0625
61.8125
59.3125
57.5625
56.1875
55.4375
54.9375
54.6875
54.5
54.375
54.25
54.125
54.0625
53.8125
53.75
53.4375
53.0625
52.6875
52.25
51.9375
54.0625
64.9375
82.8125
101.9375
120.8125
131.875
131.9375
125.0
115.8125
106.5625
97.875
89.875
82.625
76.4375
71.375
67.375
64.5
62.3125
60.875
59.9375
59.4375
59.125
58.9375
58.8125
58.75
58.5625
58.3125
58.0
57.625
57.1875
56.6875
56.3125
55.875
56.1875
61.875
77.75
98.625
120.875
138.6875
144.6875
140.75
132.8125
124.0625
115.1875
106.6875
98.1875
90.25
83.1875
77.125
72.1875
68.4375
65.6875
63.8125
62.6875
61.875
61.5625
61.375
61.3125
61.125
60.9375
60.625
60.1875
59.6875
59.0
58.375
57.75
57.1875
57.625
63.75
79.9375
100.9375
122.8125
139.5
144.25
139.5
131.0625
122.0
113.0
104.1875
95.75
87.875
81.0
75.25
70.625
67.125
64.6875
63.0
62.0
61.4375
61.0625
60.9375
60.8125
60.625
60.375
60.0
59.5625
59.0625
58.375
57.75
57.0625
56.375
55.9375
57.375
66.5
84.1875
104.375
124.3125
136.6875
137.4375
130.4375
120.9375
111.375
102.375
93.8125
85.75
78.8125
72.9375
68.125
64.375
61.5
59.625
58.3125
57.5625
57.0625
56.75
56.625
56.5
56.375
56.1875
56.0
55.5625
55.1875
54.625
54.125
53.5625
53.0625
52.5625
53.625
61.875
78.125
95.9375
114.0625
126.375
127.875
121.4375
112.1875
102.75
93.875
85.9375
78.8125
72.625
67.625
63.625
60.75
58.5625
57.125
56.125
55.5625
55.25
55.0625
54.9375
54.8125
54.75
54.5625
54.4375
54.1875
53.9375
53.5
53.125
52.75
52.3125
52.375
57.25
71.8125
90.3125
109.5
125.75
132.0625
128.5625
120.5625
111.625
102.9375
94.6875
87.0625
80.375
74.625
69.9375
66.3125
63.5625
61.625
